-4.984375 -0.547950121472497
-4.96875 -0.281697526353097
-4.953125 -0.193238636286841
-4.9375 -0.149241084070538
-4.921875 -0.123039245959555
-4.90625 -0.105745351868926
-4.890625 -0.0935510786717858
-4.875 -0.0845529545522002
-4.859375 -0.0776941664965088
-4.84375 -0.0723412894331914
-4.828125 -0.0680918967139499
-4.8125 -0.0646783719400097
-4.796875 -0.0619161222507488
-4.78125 -0.0596739932514722
-4.765625 -0.0578565258027409
-4.75 -0.0563928749382338
-4.734375 -0.0552296488742583
-4.71875 -0.0543261449544309
-4.703125 -0.0536511009265065
-4.6875 -0.0531804328464118
-4.671875 -0.0528956326118712
-4.65625 -0.0527826173793359
-4.640625 -0.0528308957778307
-4.625 -0.0530329613322177
-4.609375 -0.0533838527319321
-4.59375 -0.0538808398156231
-4.578125 -0.0545232071200088
-4.5625 -0.0553121158386173
-4.546875 -0.0562505314782272
-4.53125 -0.057343209306897
-4.515625 -0.0585967334722532
-4.5 -0.0600196088645906
-4.484375 -0.0616224077335866
-4.46875 -0.0634179760143537
-4.453125 -0.065421707539011
-4.4375 -0.0676518980860989
-4.421875 -0.0701301958922156
-4.40625 -0.0728821712620409
-4.390625 -0.0759380358743433
-4.375 -0.0793335531610045
-4.359375 -0.0831111960014245
-4.34375 -0.0873216288161587
-4.328125 -0.0920256208327507
-4.3125 -0.0972965402775776
-4.296875 -0.103223642531909
-4.28125 -0.109916460171002
-4.265625 -0.117510747878518
-4.25 -0.12617666187405
-4.234375 -0.136130216097613
-4.21875 -0.14764965308244
-4.203125 -0.161099375514799
-4.1875 -0.176965848581281
-4.171875 -0.195913090648037
-4.15625 -0.218871463948546
-4.140625 -0.247185665211261
-4.125 -0.282873716192411
-4.109375 -0.329107954151229
-4.09375 -0.391177022481902
-4.078125 -0.478602262211983
-4.0625 -0.610428706691348
-4.046875 -0.831098088264104
-4.03125 -1.27394090131655
-4.015625 -2.60562092216908
-4 267228158470161
-3.984375 2.73118921971163
-3.96875 1.3996847576846
-3.953125 0.957135241148961
-3.9375 0.736877947216344
-3.921875 0.605583867828405
-3.90625 0.518813201581943
-3.890625 0.457523306027451
-3.875 0.412195710193193
-3.859375 0.377545143220664
-3.84375 0.350403170663266
-3.828125 0.328756236542024
-3.8125 0.311264710950207
-3.796875 0.297003943590468
-3.78125 0.285316323916623
-3.765625 0.275722548754538
-3.75 0.267866198463529
-3.734375 0.261477911135467
-3.71875 0.256351538676019
-3.703125 0.25232787631349
-3.6875 0.249283321491084
-3.671875 0.247121826538062
-3.65625 0.24576910565402
-3.640625 0.24516841989624
-3.625 0.24527749117817
-3.609375 0.246066242187944
-3.59375 0.247515155039222
-3.578125 0.249614106022214
-3.5625 0.252361578392166
-3.546875 0.255764186818486
-3.53125 0.259836470484291
-3.515625 0.264600929904997
-3.5 0.270088297431311
-3.484375 0.276338044675838
-3.46875 0.28339914302058
-3.453125 0.29133110708416
-3.4375 0.30020536676225
-3.421875 0.31010703261992
-3.40625 0.321137143825951
-3.390625 0.333415519945399
-3.375 0.347084381241948
-3.359375 0.362312961773131
-3.34375 0.379303423061372
-3.328125 0.398298494986607
-3.3125 0.419591442554596
-3.296875 0.443539210400999
-3.28125 0.470579976469344
-3.265625 0.501256926640397
-3.25 0.536250968710084
-3.234375 0.576426554569163
-3.21875 0.622897162214783
-3.203125 0.677121021517531
-3.1875 0.741044724096579
-3.171875 0.817325187453662
-3.15625 0.909684820069961
-3.140625 1.02350348722248
-3.125 1.16685447746659
-3.109375 1.35242847012722
-3.09375 1.60138150509933
-3.078125 1.95180055891993
-3.0625 2.47986753971259
-3.046875 3.36335134817007
-3.03125 5.13557624188736
-3.015625 10.4632006419773
-3 -1.42521741914763E+15
-2.984375 -10.8820865229759
-2.96875 -5.55500121552436
-2.953125 -3.78367687359432
-2.9375 -2.90145818882122
-2.921875 -2.37502529502271
-2.90625 -2.02661499571008
-2.890625 -1.78005244445015
-2.875 -1.59725913978299
-2.859375 -1.45708899819203
-2.84375 -1.34686285895913
-2.828125 -1.25852060951498
-2.8125 -1.1866973287768
-2.796875 -1.12768744890585
-2.78125 -1.07885293719845
-2.765625 -1.03826830059764
-2.75 -1.00449881594596
-2.734375 -0.976457142676781
-2.71875 -0.953307851818058
-2.703125 -0.93440223572471
-2.6875 -0.919232820278968
-2.671875 -0.907401034669303
-2.65625 -0.898593877942524
-2.640625 -0.892566873571121
-2.625 -0.889131511845366
-2.609375 -0.888145962634618
-2.59375 -0.889508223601727
-2.578125 -0.893151125840815
-2.5625 -0.899038795516443
-2.546875 -0.907164294725979
-2.53125 -0.917548255617352
-2.515625 -0.930238390729334
-2.5 -0.945309817776264
-2.484375 -0.962866184604862
-2.46875 -0.983041624455195
-2.453125 -1.00600361702076
-2.4375 -1.03195688115553
-2.421875 -1.0611484849553
-2.40625 -1.09387443399468
-2.390625 -1.13048809628033
-2.375 -1.17141095357338
-2.359375 -1.21714634847742
-2.34375 -1.26829714785646
-2.328125 -1.32558860026494
-2.3125 -1.38989818152025
-2.296875 -1.46229498250582
-2.28125 -1.5440923323032
-2.265625 -1.63691909099572
-2.25 -1.74281776653299
-2.234375 -1.86438196157256
-2.21875 -2.00495280468524
-2.203125 -2.16890611731861
-2.1875 -2.36208323733006
-2.171875 -2.59245690944302
-2.15625 -2.87119678284341
-2.140625 -3.21444531562071
-2.125 -3.64642568695729
-2.109375 -4.20521372051964
-2.09375 -4.9542818287092
-2.078125 -6.00789580465094
-2.0625 -7.5946069446281
-2.046875 -10.2477286068864
-2.03125 -15.5672427403388
-2.015625 -31.553146192816
-2 6.41349023923811E+15
-1.984375 32.476288643242
-1.96875 16.4914420455157
-1.953125 11.1736931825053
-1.9375 8.5230510056771
-1.921875 6.93954174658713
-1.90625 5.88986267110985
-1.890625 5.14547563255032
-1.875 4.5921306151584
-1.859375 4.16637373598637
-1.84375 3.83015060098448
-1.828125 3.55926253483225
-1.8125 3.33759486027556
-1.796875 3.15400922046743
-1.78125 3.00056794460279
-1.765625 2.87146886037463
-1.75 2.76237975878464
-1.734375 2.67000797728323
-1.71875 2.59181369821046
-1.703125 2.52581405040643
-1.6875 2.47044627290202
-1.671875 2.42447029857034
-1.65625 2.38689826646641
-1.640625 2.35694282600431
-1.625 2.33397881971056
-1.609375 2.31751467689313
-1.59375 2.30717099496201
-1.578125 2.30266455178762
-1.5625 2.30379651729638
-1.546875 2.31044400013282
-1.53125 2.32255432967968
-1.515625 2.34014167038851
-1.5 2.36328571813982
-1.484375 2.39213235409693
-1.46875 2.42689624292574
-1.453125 2.46786546976806
-1.4375 2.51540842365538
-1.421875 2.56998326434148
-1.40625 2.6321504669166
-1.390625 2.70258913972478
-1.375 2.78211807763387
-1.359375 2.87172287558835
-1.34375 2.97259093238259
-1.328125 3.08615689094701
-1.3125 3.21416209603043
-1.296875 3.35873317144587
-1.28125 3.5224870981858
-1.265625 3.70867365813231
-1.25 3.92137154897873
-1.234375 4.16576317974965
-1.21875 4.44852745394085
-1.203125 4.77841404207465
-1.1875 5.16710498525139
-1.171875 5.63054645176568
-1.15625 6.19107973094343
-1.140625 6.8809930717742
-1.125 7.74873758548578
-1.109375 8.8704712570183
-1.09375 10.3731471742727
-1.078125 12.4853078623933
-1.0625 15.6640713895067
-1.046875 20.9760900263802
-1.03125 31.621385379972
-1.015625 63.60019529494
-1 -2.56543318945392E+16
-0.984375 -64.4461037812537
-0.96875 -32.4680337948882
-0.953125 -21.8239740687148
-0.9375 -16.5136903962254
-0.921875 -13.3371663011881
-0.90625 -11.2277561740721
-0.890625 -9.72835018816448
-0.875 -8.6104157020141
-0.859375 -7.74701122911349
-0.84375 -7.06199219345301
-0.828125 -6.5069228058511
-0.8125 -6.0495321753954
-0.796875 -5.66749854901843
-0.78125 -5.34489763650369
-0.765625 -5.0700718044407
-0.75 -4.83429853470534
-0.734375 -4.63092906703367
-0.71875 -4.45481440802622
-0.703125 -4.30191287022128
-0.6875 -4.16901564563835
-0.671875 -4.05355111414481
-0.65625 -3.9534428860619
-0.640625 -3.86700528393532
-0.625 -3.79286541141512
-0.609375 -3.72990444322589
-0.59375 -3.67721305258191
-0.578125 -3.63405741770638
-0.5625 -3.59985328872755
-0.546875 -3.57414631889359
-0.53125 -3.55659737703906
-0.515625 -3.54697193127592
-0.5 -3.5451328734263
-0.484375 -3.55103637166607
-0.46875 -3.56473051806391
-0.453125 -3.58635669559588
-0.4375 -3.61615374031344
-0.421875 -3.65446513225416
-0.40625 -3.70174962793289
-0.390625 -3.75859596525862
-0.375 -3.82574255134754
-0.359375 -3.90410341686419
-0.34375 -3.99480223368581
-0.328125 -4.0992169156054
-0.3125 -4.21903836176796
-0.296875 -4.35634842837934
-0.28125 -4.51372449741199
-0.265625 -4.6943814983094
-0.25 -4.90236768364825
-0.234375 -5.14283916832711
-0.21875 -5.42245254600437
-0.203125 -5.74993910107256
-0.1875 -6.13696649028721
-0.171875 -6.59947077686099
-0.15625 -7.15978801464
-0.140625 -7.85020720803463
-0.125 -8.71918830656085
-0.109375 -9.84291022448346
-0.09375 -11.3483672038361
-0.078125 -13.4641811555854
-0.0625 -16.6476328909513
-0.046875 -21.9657562623687
-0.03125 -32.6197153227784
-0.015625 -64.6154455007855
0 NaN
0.015625 NaN
0.03125 NaN
0.046875 NaN
0.0625 NaN
0.078125 NaN
0.09375 9.73434071321705
0.109375 7.54904935412115
0.125 6.61095986595116
0.140625 5.9333910715819
0.15625 5.39475514687291
0.171875 4.94840552519557
0.1875 4.56960499572189
0.203125 4.24297729688852
0.21875 3.95804020069989
0.234375 3.70720978708746
0.25 3.48476870917822
0.265625 3.28627588084733
0.28125 3.10820260956316
0.296875 2.94769516127531
0.3125 2.80241271405755
0.328125 2.67041269677148
0.34375 2.55006722799438
0.359375 2.44000071802007
0.375 2.33904231822957
0.390625 2.24618906107144
0.40625 2.160576870604
0.421875 2.0814574790699
0.4375 2.00817984882257
0.453125 1.94017508038744
0.46875 1.87694405162281
0.484375 1.81804721977696
0.5 1.76309615287007
0.515625 1.71174645548648
0.53125 1.66369182745234
0.546875 1.61865904920254
0.5625 1.57640372985776
0.578125 1.53670668659262
0.59375 1.49937084923094
0.609375 1.46421860392144
0.625 1.43108950551547
0.640625 1.3998383008421
0.65625 1.37033321516702
0.671875 1.34245446226931
0.6875 1.31609294518458
0.703125 1.29114912006038
0.71875 1.26753199999489
0.734375 1.24515827937397
0.75 1.22395156223508
0.765625 1.20384168068867
0.78125 1.18476409151178
0.796875 1.16665934077267
0.8125 1.14947258780724
0.828125 1.13315318109986
0.84375 1.11765427966039
0.859375 1.10293251436979
0.875 1.08894768451403
0.890625 1.07566248536295
0.90625 1.06304226319383
0.921875 1.05105479462515
0.9375 1.03967008752467
0.953125 1.02886020109979
0.96875 1.01859908307371
0.984375 1.00886242210695
1 0.999627513845015
1.015625 0.990873139165147
1.03125 0.982579453362232
1.046875 0.97472788515934
1.0625 0.967301044555459
1.078125 0.96028263863405
1.09375 0.953657394553364
1.109375 0.947410989024882
1.125 0.941529983661325
1.140625 0.936001765641823
1.15625 0.930814493200171
1.171875 0.925957045493639
1.1875 0.921418976455429
1.203125 0.917190472274304
1.21875 0.913262312180789
1.234375 0.909625832251259
1.25 0.906272891969631
1.265625 0.903195843311682
1.28125 0.900387502139619
1.296875 0.897841121714752
1.3125 0.895550368154165
1.328125 0.893509297673516
1.34375 0.89171233547263
1.359375 0.890154256133605
1.375 0.888830165412918
1.390625 0.887735483319588
1.40625 0.886865928381003
1.421875 0.886217503006632
1.4375 0.885786479867617
1.453125 0.885569389217298
1.46875 0.885563007084083
1.484375 0.885764344273863
1.5 0.886170636124426
1.515625 0.886779332959078
1.53125 0.887588091191016
1.546875 0.88859476503395
1.5625 0.889797398778045
1.578125 0.891194219593574
1.59375 0.892783630827605
1.609375 0.894564205761836
1.625 0.896534681802161
1.640625 0.898693955072842
1.65625 0.901041075390277
1.671875 0.903575241593249
1.6875 0.906295797208339
1.703125 0.909202226430776
1.71875 0.91229415040252
1.734375 0.915571323770719
1.75 0.919033631510961
1.765625 0.922681086000906
1.78125 0.926513824330962
1.796875 0.930532105839642
1.8125 0.934736309862193
1.828125 0.939126933681906
1.84375 0.943704590674317
1.859375 0.94847000863524
1.875 0.953424028284251
1.890625 0.958567601935849
1.90625 0.963901792331152
1.921875 0.96942777162347
1.9375 0.975146820511651
1.953125 0.981060327515548
1.96875 0.987169788388399
1.984375 0.99347680566132
2 0.999983088315509
2.015625 1.00669045157809
2.03125 1.01360081683795
2.046875 1.02071621167803
2.0625 1.02803877002122
2.078125 1.03557073238673
2.09375 1.04331444625474
2.109375 1.05127236653665
2.125 1.05944705614929
2.140625 1.06784118669081
2.15625 1.07645753921703
2.171875 1.08529900511655
2.1875 1.09436858708351
2.203125 1.10366940018691
2.21875 1.1132046730357
2.234375 1.12297774903879
2.25 1.13299208775956
2.265625 1.14325126636447
2.28125 1.15375898116542
2.296875 1.1645190492559
2.3125 1.17553541024089
2.328125 1.18681212806069
2.34375 1.19835339290901
2.359375 1.21016352324575
2.375 1.22224696790493
2.390625 1.23460830829865
2.40625 1.24725226071764
2.421875 1.26018367872949
2.4375 1.27340755567542
2.453125 1.28692902726691
2.46875 1.30075337428328
2.484375 1.31488602537165
2.5 1.32933255995072
2.515625 1.34409871122001
2.53125 1.35919036927608
2.546875 1.37461358433774
2.5625 1.390374570082
2.578125 1.40647970709274
2.59375 1.42293554642438
2.609375 1.4397488132826
2.625 1.45692641082457
2.640625 1.47447542408101
2.65625 1.49240312400276
2.671875 1.5107169716345
2.6875 1.52942462241829
2.703125 1.54853393063002
2.71875 1.56805295395162
2.734375 1.58798995818227
2.75 1.60835342209179
2.765625 1.62915204241971
2.78125 1.65039473902335
2.796875 1.67209066017875
2.8125 1.69424918803801
2.828125 1.71687994424717
2.84375 1.7399927957284
2.859375 1.76359786063096
2.875 1.78770551445498
2.890625 1.81232639635279
2.90625 1.83747141561212
2.921875 1.86315175832628
2.9375 1.88937889425592
2.953125 1.91616458388769
2.96875 1.94352088569493
2.984375 1.97146016360588
3 1.99999509468497
3.015625 2.02913867703296
3.03125 2.05890423791193
3.046875 2.08930544210122
3.0625 2.12035630049075
3.078125 2.15207117891813
3.09375 2.18446480725642
3.109375 2.21755228875946
3.125 2.25134910967195
3.140625 2.28587114911168
3.15625 2.32113468923152
3.171875 2.35715642566908
3.1875 2.39395347829208
3.203125 2.43154340224793
3.21875 2.46994419932593
3.234375 2.50917432964117
3.25 2.54925272364916
3.265625 2.59019879450071
3.28125 2.63203245074671
3.296875 2.67477410940295
3.3125 2.71844470938521
3.328125 2.76306572532529
3.34375 2.80865918177908
3.359375 2.85524766783777
3.375 2.90285435215411
3.390625 2.95150299839558
3.40625 3.00121798113686
3.421875 3.05202430220452
3.4375 3.1039476074869
3.453125 3.15701420422294
3.46875 3.21125107878375
3.484375 3.26668591496151
3.5 3.32334711278049
3.515625 3.38126380784539
3.53125 3.44046589124307
3.546875 3.50098403001361
3.5625 3.56284968820767
3.578125 3.62609514854745
3.59375 3.69075353470893
3.609375 3.75685883424389
3.625 3.82444592216057
3.640625 3.89355058518256
3.65625 3.96420954670592
3.671875 4.03646049247544
3.6875 4.11034209700127
3.703125 4.18589405073805
3.71875 4.26315708804928
3.734375 4.34217301598027
3.75 4.42298474386395
3.765625 4.50563631378437
3.78125 4.59017293192355
3.796875 4.67664100081827
3.8125 4.76508815255392
3.828125 4.85556328292379
3.84375 4.94811658658262
3.859375 5.04279959322444
3.875 5.13966520481555
3.890625 5.23876773391444
3.90625 5.34016294311157
3.921875 5.44390808562266
3.9375 5.55006194707059
3.953125 5.65868488849182
3.96875 5.7698388906044
3.984375 5.88358759937598
4 5.99999637293121
4.015625 6.11913232983926
4.03125 6.24106439882359
4.046875 6.36586336993706
4.0625 6.49360194724733
4.078125 6.62435480307847
4.09375 6.7581986338564
4.109375 6.89521221760718
4.125 7.03547647315881
4.140625 7.17907452109871
4.15625 7.32609174654058
4.171875 7.47661586375652
4.1875 7.63073698273134
4.203125 7.78854767769856
4.21875 7.95014305771874
4.234375 8.11562083936337
4.25 8.28508142156912
4.265625 8.4586279627295
4.28125 8.63636646009298
4.296875 8.81840583153907
4.3125 9.00485799980588
4.328125 9.19583797924504
4.34375 9.39146396518251
4.359375 9.59185742596619
4.375 9.79714319778359
4.390625 10.0074495823359
4.40625 10.2229084474576
4.421875 10.4436553307725
4.4375 10.6698295464821
4.453125 10.9015742953832
4.46875 11.1390367782158
4.484375 11.3823683124456
4.5 11.6317244525886
4.515625 11.8872651141882
4.53125 12.1491547015604
4.546875 12.417562239424
4.5625 12.6926615085389
4.578125 12.9746311854782
4.59375 13.2636549866634
4.609375 13.5599218167984
4.625 13.8636259218396
4.640625 14.1749670466457
4.65625 14.4941505974552
4.671875 14.8213878093437
4.6875 15.1568959188189
4.703125 15.5008983417156
4.71875 15.8536248565586
4.734375 16.2153117935674
4.75 16.5862022294809
4.765625 16.966546188388
4.78125 17.3566008487537
4.796875 17.7566307568398
4.8125 18.1669080467213
4.828125 18.5877126671107
4.84375 19.019332615207
4.859375 19.4620641777929
4.875 19.9162121798127
4.890625 20.3820902406695
4.90625 20.860021038489
4.921875 21.3503365826054
4.9375 21.8533784945327
4.953125 22.3694982976935
4.96875 22.8990577161872
4.984375 23.4424289828873
5 23.9999951571691
