##x	cubic 	quartic
-0.95	-40.1212848157994	-40.2228555743682
-0.948	-39.5070226524904	-39.6081058714181
-0.946	-38.8927604891813	-38.9923810891856
-0.944	-38.2784983258723	-38.3756812276709
-0.942	-37.6642361625633	-37.758006286874
-0.94	-37.0499739992542	-37.1393562667948
-0.938	-36.4357118359452	-36.5197311674333
-0.936	-35.8214496726361	-35.8991309887895
-0.934	-35.2071875093271	-35.2775557308635
-0.932	-34.592925346018	-34.6550053936553
-0.93	-33.978663182709	-34.0314799771648
-0.928	-33.3644010194	-33.406979481392
-0.926	-32.7501388560909	-32.7815039063369
-0.924	-32.1358766927819	-32.1550532519996
-0.922	-31.5216145294728	-31.5276275183801
-0.92	-30.9073523661638	-30.8992267054782
-0.918	-30.2930902028547	-30.2698508132942
-0.916	-29.6788280395457	-29.6394998418278
-0.914	-29.0645658762367	-29.0081737910792
-0.912	-28.4503037129276	-28.3758726610483
-0.91	-27.8360415496186	-27.7425964517352
-0.908	-27.2217793863095	-27.1083451631398
-0.906	-26.6075172230005	-26.4731187952622
-0.904	-25.9932550596915	-25.8369173481023
-0.902	-25.3789928963824	-25.1997408216601
-0.9	-24.2164974492181	-24.5615892159356
-0.898	-23.6006918015794	-23.905200776531
-0.896	-22.9848861539407	-23.2504687776065
-0.894	-22.369080506302	-22.5973932191623
-0.892	-21.7532748586633	-21.9459741011984
-0.89	-21.1374692110246	-21.2962114237147
-0.888	-20.5216635633859	-20.6481051867112
-0.886	-19.9058579157472	-20.001655390188
-0.884	-19.2900522681085	-19.356862034145
-0.882	-18.6742466204698	-18.7137251185823
-0.88	-18.0584409728311	-18.0722446434998
-0.878	-17.4426353251924	-17.4324206088976
-0.876	-16.8268296775537	-16.7942530147756
-0.874	-16.211024029915	-16.1577418611338
-0.872	-15.5952183822763	-15.5228871479723
-0.87	-14.9794127346376	-14.8896888752911
-0.868	-14.3636070869989	-14.25814704309
-0.866	-13.7478014393602	-13.6282616513693
-0.864	-13.1319957917215	-13.0000327001287
-0.862	-12.5161901440828	-12.3734601893685
-0.86	-11.9003844964442	-11.7485441190884
-0.858	-11.2845788488055	-11.1252844892886
-0.856	-10.6687732011668	-10.5036812999691
-0.854	-10.0529675535281	-9.88373455112976
-0.852	-9.43716190588936	-9.26544424277069
-0.85	-8.82135625825067	-8.64881037489187
-0.848	-8.20555061061197	-8.0338329474933
-0.846	-7.58974496297327	-7.42051196057497
-0.844	-6.97393931533458	-6.80884741413688
-0.842	-6.35813366769588	-6.19883930817904
-0.84	-5.74232802005718	-5.59048764270145
-0.838	-5.12652237241848	-4.98379241770409
-0.836	-4.51071672477979	-4.37875363318699
-0.834	-3.89491107714109	-3.77537128915012
-0.832	-3.27910542950239	-3.1736453855935
-0.83	-2.6632997818637	-2.57357592251713
-0.828	-2.047494134225	-1.975162899921
-0.826	-1.43168848658631	-1.37840631780511
-0.824	-0.815882838947608	-0.783306176169469
-0.822	-0.20007719130891	-0.189862475014071
-0.82	0.415728456329784	0.40192478566108
-0.818	1.03153410396848	0.992055605855989
-0.816	1.64733975160718	1.58052998557065
-0.814	2.26314539924588	2.16734792480507
-0.812	2.87895104688457	2.75250942355925
-0.81	3.49475669452327	3.33601448183318
-0.808	4.11056234216197	3.91786309962686
-0.806	4.72636798980066	4.49805527694031
-0.804	5.34217363743936	5.0765910137735
-0.802	5.95797928507806	5.65347031012646
-0.8	6.96224686907458	6.22869316599917
-0.798	7.43731655949956	6.7900287719058
-0.796	7.91238624992453	7.34784332003768
-0.794	8.38745594034951	7.9021368103948
-0.792	8.86252563077448	8.45290924297715
-0.79	9.33759532119945	9.00016061778475
-0.788	9.81266501162443	9.54389093481758
-0.786	10.2877347020494	10.0841001940756
-0.784	10.7628043924744	10.620788395559
-0.782	11.2378740828994	11.1539555392675
-0.78	11.7129437733243	11.6836016252013
-0.778	12.1880134637493	12.2097266533603
-0.776	12.6630831541743	12.7323306237445
-0.774	13.1381528445992	13.251413536354
-0.772	13.6132225350242	13.7669753911888
-0.77	14.0882922254492	14.2790161882487
-0.768	14.5633619158742	14.787535927534
-0.766	15.0384316062991	15.2925346090444
-0.764	15.5135012967241	15.7940122327801
-0.762	15.9885709871491	16.291968798741
-0.76	16.463640677574	16.7864043069272
-0.758	16.938710367999	17.2773187573386
-0.756	17.413780058424	17.7647121499752
-0.754	17.888849748849	18.2485844848371
-0.752	18.3639194392739	18.7289357619242
-0.75	18.8389891296989	19.2057659812366
-0.748	19.3140588201239	19.6790751427742
-0.746	19.7891285105489	20.148863246537
-0.744	20.2641982009738	20.6151302925251
-0.742	20.7392678913988	21.0778762807384
-0.74	21.2143375818238	21.5371012111769
-0.738	21.6894072722488	21.9928050838407
-0.736	22.1644769626737	22.4449878987297
-0.734	22.6395466530987	22.893649655844
-0.732	23.1146163435237	23.3387903551835
-0.73	23.5896860339487	23.7804099967482
-0.728	24.0647557243736	24.2185085805382
-0.726	24.5398254147986	24.6530861065534
-0.724	25.0148951052236	25.0841425747939
-0.722	25.4899647956486	25.5116779852596
-0.72	25.9650344860735	25.9356923379505
-0.718	26.4401041764985	26.3561856328667
-0.716	26.9151738669235	26.7731578700081
-0.714	27.3902435573485	27.1866090493747
-0.712	27.8653132477734	27.5965391709666
-0.71	28.3403829381984	28.0029482347837
-0.708	28.8154526286234	28.4058362408261
-0.706	29.2905223190484	28.8052031890936
-0.704	29.7655920094733	29.2010490795865
-0.702	30.2406616998983	29.5933739123046
-0.7	30.7157313903233	29.9821776872479
-0.698	31.1341052416272	30.3385070747914
-0.696	31.3844029605172	30.6905086391246
-0.694	31.6347006794072	31.0381823802475
-0.692	31.8849983982972	31.38152829816
-0.69	32.1352961171873	31.7205463928622
-0.688	32.3855938360773	32.055236664354
-0.686	32.6358915549673	32.3855991126355
-0.684	32.8861892738573	32.7116337377066
-0.682	33.1364869927474	33.0333405395674
-0.68	33.3867847116374	33.3507195182178
-0.678	33.6370824305274	33.6637706736579
-0.676	33.8873801494174	33.9724940058876
-0.674	34.1376778683074	34.276889514907
-0.672	34.3879755871975	34.576957200716
-0.67	34.6382733060875	34.8726970633147
-0.668	34.8885710249775	35.164109102703
-0.666	35.1388687438675	35.451193318881
-0.664	35.3891664627576	35.7339497118486
-0.662	35.6394641816476	36.0123782816059
-0.66	35.8897619005376	36.2864790281529
-0.658	36.1400596194276	36.5562519514894
-0.656	36.3903573383176	36.8216970516157
-0.654	36.6406550572077	37.0828143285316
-0.652	36.8909527760977	37.3396037822371
-0.65	37.1412504949877	37.5920654127323
-0.648	37.3915482138777	37.8401992200172
-0.646	37.6418459327678	38.0840052040917
-0.644	37.8921436516578	38.3234833649558
-0.642	38.1424413705478	38.5586337026096
-0.64	38.3927390894378	38.7894562170531
-0.638	38.6430368083278	39.0159509082862
-0.636	38.8933345272179	39.2381177763089
-0.634	39.1436322461079	39.4559568211213
-0.632	39.3939299649979	39.6694680427234
-0.63	39.6442276838879	39.8786514411151
-0.628	39.8945254027779	40.0835070162965
-0.626	40.144823121668	40.2840347682675
-0.624	40.395120840558	40.4802346970282
-0.622	40.645418559448	40.6721068025785
-0.62	40.895716278338	40.8596510849184
-0.618	41.1460139972281	41.0428675440481
-0.616	41.3963117161181	41.2217561799673
-0.614	41.6466094350081	41.3963169926763
-0.612	41.8969071538981	41.5665499821748
-0.61	42.1472048727881	41.7324551484631
-0.608	42.3975025916782	41.8940324915409
-0.606	42.6478003105682	42.0512820114085
-0.604	42.8980980294582	42.2042037080656
-0.602	43.1483957483482	42.3527975815125
-0.6	43.3986934672382	42.497063631749
-0.598	43.3561294309506	42.6056373104591
-0.596	43.3646828542553	42.710128529765
-0.594	43.37323627756	42.8105372896666
-0.592	43.3817897008647	42.9068635901638
-0.59	43.3903431241694	42.9991074312568
-0.588	43.3988965474741	43.0872688129454
-0.586	43.4074499707787	43.1713477352298
-0.584	43.4160033940834	43.2513441981098
-0.582	43.4245568173881	43.3272582015855
-0.58	43.4331102406928	43.399089745657
-0.578	43.4416636639975	43.4668388303241
-0.576	43.4502170873022	43.5305054555869
-0.574	43.4587705106069	43.5900896214454
-0.572	43.4673239339116	43.6455913278996
-0.57	43.4758773572163	43.6970105749495
-0.568	43.484430780521	43.7443473625951
-0.566	43.4929842038256	43.7876016908364
-0.564	43.5015376271303	43.8267735596734
-0.562	43.510091050435	43.861862969106
-0.56	43.5186444737397	43.8928699191344
-0.558	43.5271978970444	43.9197944097585
-0.556	43.5357513203491	43.9426364409782
-0.554	43.5443047436538	43.9613960127937
-0.552	43.5528581669585	43.9760731252048
-0.55	43.5614115902632	43.9866677782117
-0.548	43.5699650135679	43.9931799718142
-0.546	43.5785184368726	43.9956097060124
-0.544	43.5870718601772	43.9939569808064
-0.542	43.5956252834819	43.988221796196
-0.54	43.6041787067866	43.9784041521813
-0.538	43.6127321300913	43.9645040487623
-0.536	43.621285553396	43.946521485939
-0.534	43.6298389767007	43.9244564637114
-0.532	43.6383924000054	43.8983089820795
-0.53	43.6469458233101	43.8680790410433
-0.528	43.6554992466148	43.8337666406028
-0.526	43.6640526699195	43.795371780758
-0.524	43.6726060932242	43.7528944615088
-0.522	43.6811595165288	43.7063346828554
-0.52	43.6897129398335	43.6556924447977
-0.518	43.6982663631382	43.6009677473356
-0.516	43.7068197864429	43.5421605904693
-0.514	43.7153732097476	43.4792709741986
-0.512	43.7239266330523	43.4122988985237
-0.51	43.732480056357	43.3412443634444
-0.508	43.7410334796617	43.2661073689608
-0.506	43.7495869029664	43.186887915073
-0.504	43.7581403262711	43.1035860017808
-0.502	43.7666937495758	43.0162016290843
-0.5	43.5564564392268	42.9247347969835
-0.498	43.3651140251542	42.8076828480387
-0.496	43.1737716110816	42.6875986352112
-0.494	42.982429197009	42.5644821585009
-0.492	42.7910867829364	42.4383334179078
-0.49	42.5997443688638	42.3091524134319
-0.488	42.4084019547913	42.1769391450733
-0.486	42.2170595407187	42.0416936128319
-0.484	42.0257171266461	41.9034158167078
-0.482	41.8343747125735	41.7621057567009
-0.48	41.6430322985009	41.6177634328112
-0.478	41.4516898844283	41.4703888450387
-0.476	41.2603474703557	41.3199819933835
-0.474	41.0690050562831	41.1665428778455
-0.472	40.8776626422106	41.0100714984247
-0.47	40.686320228138	40.8505678551212
-0.468	40.4949778140654	40.6880319479349
-0.466	40.3036353999928	40.5224637768659
-0.464	40.1122929859202	40.353863341914
-0.462	39.9209505718476	40.1822306430794
-0.46	39.729608157775	40.0075656803621
-0.458	39.5382657437024	39.8298684537619
-0.456	39.3469233296299	39.649138963279
-0.454	39.1555809155573	39.4653772089134
-0.452	38.9642385014847	39.2785831906649
-0.45	38.7728960874121	39.0887569085337
-0.448	38.5815536733395	38.8958983625198
-0.446	38.3902112592669	38.700007552623
-0.444	38.1988688451943	38.5010844788435
-0.442	38.0075264311217	38.2991291411812
-0.44	37.8161840170492	38.0941415396362
-0.438	37.6248416029766	37.8861216742084
-0.436	37.433499188904	37.6750695448978
-0.434	37.2421567748314	37.4609851517045
-0.432	37.0508143607588	37.2438684946283
-0.43	36.8594719466862	37.0237195736695
-0.428	36.6681295326136	36.8005383888278
-0.426	36.476787118541	36.5743249401034
-0.424	36.2854447044684	36.3450792274962
-0.422	36.0941022903959	36.1128012510063
-0.42	35.9027598763233	35.8774910106335
-0.418	35.7114174622507	35.639148506378
-0.416	35.5200750481781	35.3977737382398
-0.414	35.3287326341055	35.1533667062188
-0.412	35.1373902200329	34.905927410315
-0.41	34.9460478059603	34.6554558505284
-0.408	34.7547053918877	34.4019520268591
-0.406	34.5633629778152	34.145415939307
-0.404	34.3720205637426	33.8858475878721
-0.402	34.18067814967	33.6232469725545
-0.4	33.6837170575837	33.3576140933541
-0.398	33.372835741654	33.0850824860178
-0.396	33.0619544257243	32.8109855844532
-0.394	32.7510731097945	32.5353233886603
-0.392	32.4401917938648	32.258095898639
-0.39	32.1293104779351	31.9793031143895
-0.388	31.8184291620054	31.6989450359117
-0.386	31.5075478460757	31.4170216632056
-0.384	31.196666530146	31.1335329962712
-0.382	30.8857852142163	30.8484790351085
-0.38	30.5749038982866	30.5618597797174
-0.378	30.2640225823569	30.2736752300981
-0.376	29.9531412664272	29.9839253862505
-0.374	29.6422599504975	29.6926102481745
-0.372	29.3313786345678	29.3997298158703
-0.37	29.0204973186381	29.1052840893378
-0.368	28.7096160027084	28.8092730685769
-0.366	28.3987346867787	28.5116967535878
-0.364	28.087853370849	28.2125551443703
-0.362	27.7769720549193	27.9118482409246
-0.36	27.4660907389896	27.6095760432506
-0.358	27.1552094230599	27.3057385513482
-0.356	26.8443281071302	27.0003357652176
-0.354	26.5334467912004	26.6933676848586
-0.352	26.2225654752707	26.3848343102714
-0.35	25.911684159341	26.0747356414558
-0.348	25.6008028434113	25.7630716784119
-0.346	25.2899215274816	25.4498424211398
-0.344	24.9790402115519	25.1350478696393
-0.342	24.6681588956222	24.8186880239106
-0.34	24.3572775796925	24.5007628839535
-0.338	24.0463962637628	24.1812724497681
-0.336	23.7355149478331	23.8602167213545
-0.334	23.4246336319034	23.5375956987125
-0.332	23.1137523159737	23.2134093818422
-0.33	22.802871000044	22.8876577707436
-0.328	22.4919896841143	22.5603408654168
-0.326	22.1811083681846	22.2314586658616
-0.324	21.8702270522549	21.9010111720781
-0.322	21.5593457363252	21.5689983840663
-0.32	21.2484644203955	21.2354203018263
-0.318	20.9375831044657	20.9002769253579
-0.316	20.626701788536	20.5635682546612
-0.314	20.3158204726063	20.2252942897362
-0.312	20.0049391566766	19.8854550305829
-0.31	19.6940578407469	19.5440504772013
-0.308	19.3831765248172	19.2010806295914
-0.306	19.0722952088875	18.8565454877532
-0.304	18.7614138929578	18.5104450516867
-0.302	18.4505325770281	18.1627793213919
-0.3	17.8334169974554	17.8135482968688
-0.298	17.4963521495192	17.4788200081216
-0.296	17.159287301583	17.1439963496116
-0.294	16.8222224536468	16.8090773213387
-0.292	16.4851576057106	16.4740629233031
-0.29	16.1480927577744	16.1389531555046
-0.288	15.8110279098382	15.8037480179433
-0.286	15.473963061902	15.4684475106192
-0.284	15.1368982139658	15.1330516335323
-0.282	14.7998333660297	14.7975603866825
-0.28	14.4627685180935	14.46197377007
-0.278	14.1257036701573	14.1262917836946
-0.276	13.7886388222211	13.7905144275564
-0.274	13.4515739742849	13.4546417016554
-0.272	13.1145091263487	13.1186736059916
-0.27	12.7774442784125	12.782610140565
-0.268	12.4403794304763	12.4464513053756
-0.266	12.1033145825401	12.1101971004233
-0.264	11.7662497346039	11.7738475257082
-0.262	11.4291848866678	11.4374025812304
-0.26	11.0921200387316	11.1008622669896
-0.258	10.7550551907954	10.7642265829861
-0.256	10.4179903428592	10.4274955292198
-0.254	10.080925494923	10.0906691056906
-0.252	9.74386064698679	9.75374731239866
-0.25	9.4067957990506	9.41673014934388
-0.248	9.0697309511144	9.07961761652628
-0.246	8.73266610317821	8.74240971394586
-0.244	8.39560125524202	8.40510644160263
-0.242	8.05853640730583	8.06770779949658
-0.24	7.72147155936964	7.73021378762772
-0.238	7.38440671143344	7.39262440599605
-0.236	7.04734186349725	7.05493965460155
-0.234	6.71027701556106	6.71715953344424
-0.232	6.37321216762487	6.37928404252412
-0.23	6.03614731968868	6.04131318184118
-0.228	5.69908247175248	5.70324695139543
-0.226	5.36201762381629	5.36508535118686
-0.224	5.0249527758801	5.02682838121547
-0.222	4.68788792794391	4.68847604148127
-0.22	4.35082308000771	4.35002833198425
-0.218	4.01375823207152	4.01148525272442
-0.216	3.67669338413533	3.67284680370177
-0.214	3.33962853619914	3.33411298491631
-0.212	3.00256368826295	2.99528379636803
-0.21	2.66549884032675	2.65635923805694
-0.208	2.32843399239056	2.31733930998303
-0.206	1.99136914445437	1.9782240121463
-0.204	1.65430429651818	1.63901334454676
-0.202	1.31723944858198	1.2997073071844
-0.2	0.980174600645793	0.960305900059232
-0.198	0.463273646485152	0.654096608793117
-0.196	0.182495883287279	0.348925339080808
-0.194	-0.0982818799105938	0.0447920909223049
-0.192	-0.379059643108466	-0.258303135682392
-0.19	-0.659837406306339	-0.560360340733284
-0.188	-0.940615169504212	-0.86137952423037
-0.186	-1.22139293270208	-1.16136068617365
-0.184	-1.50217069589996	-1.46030382656312
-0.182	-1.78294845909783	-1.75820894539879
-0.18	-2.0637262222957	-2.05507604268065
-0.178	-2.34450398549358	-2.35090511840871
-0.176	-2.62528174869145	-2.64569617258296
-0.174	-2.90605951188932	-2.93944920520341
-0.172	-3.18683727508719	-3.23216421627005
-0.17	-3.46761503828507	-3.52384120578288
-0.168	-3.74839280148294	-3.81448017374191
-0.166	-4.02917056468081	-4.10408112014713
-0.164	-4.30994832787868	-4.39264404499855
-0.162	-4.59072609107656	-4.68016894829616
-0.16	-4.87150385427443	-4.96665583003996
-0.158	-5.1522816174723	-5.25210469022996
-0.156	-5.43305938067018	-5.53651552886615
-0.154	-5.71383714386805	-5.81988834594854
-0.152	-5.99461490706592	-6.10222314147712
-0.15	-6.27539267026379	-6.3835199154519
-0.148	-6.55617043346167	-6.66377866787287
-0.146	-6.83694819665954	-6.94299939874003
-0.144	-7.11772595985741	-7.22118210805339
-0.142	-7.39850372305528	-7.49832679581294
-0.14	-7.67928148625316	-7.77443346201869
-0.138	-7.96005924945103	-8.04950210667063
-0.136	-8.24083701264889	-8.32353272976875
-0.134	-8.52161477584676	-8.59652533131308
-0.132	-8.80239253904463	-8.8684799113036
-0.13	-9.0831703022425	-9.13939646974032
-0.128	-9.36394806544038	-9.40927500662323
-0.126	-9.64472582863825	-9.67811552195234
-0.124	-9.92550359183612	-9.94591801572764
-0.122	-10.206281355034	-10.2126824879491
-0.12	-10.4870591182319	-10.4784089386168
-0.118	-10.7678368814297	-10.7430973677307
-0.116	-11.0486146446276	-11.0067477752908
-0.114	-11.3293924078255	-11.2693601612971
-0.112	-11.6101701710234	-11.5309345257495
-0.11	-11.8909479342212	-11.7914708686482
-0.108	-12.1717256974191	-12.050969189993
-0.106	-12.452503460617	-12.3094294897841
-0.104	-12.7332812238148	-12.5668517680213
-0.102	-13.0140589870127	-12.8232360247048
-0.1	-13.2948367502106	-13.0785822598344
-0.098	-13.589058589319	-13.2885770809012
-0.096	-13.7590073707326	-13.4969373697373
-0.094	-13.9289561521463	-13.7036631263426
-0.092	-14.09890493356	-13.9087543507172
-0.09	-14.2688537149737	-14.1122110428611
-0.088	-14.4388024963874	-14.3140332027742
-0.086	-14.6087512778011	-14.5142208304566
-0.084	-14.7787000592148	-14.7127739259083
-0.082	-14.9486488406285	-14.9096924891292
-0.08	-15.1185976220422	-15.1049765201193
-0.078	-15.2885464034559	-15.2986260188788
-0.076	-15.4584951848696	-15.4906409854074
-0.074	-15.6284439662832	-15.6810214197054
-0.072	-15.7983927476969	-15.8697673217726
-0.07	-15.9683415291106	-16.056878691609
-0.0679999999999999	-16.1382903105243	-16.2423555292148
-0.0659999999999999	-16.308239091938	-16.4261978345897
-0.0639999999999999	-16.4781878733517	-16.608405607734
-0.0619999999999999	-16.6481366547654	-16.7889788486475
-0.0599999999999999	-16.8180854361791	-16.9679175573303
-0.0579999999999999	-16.9880342175928	-17.1452217337823
-0.0559999999999999	-17.1579829990065	-17.3208913780036
-0.0539999999999999	-17.3279317804201	-17.4949264899941
-0.0519999999999999	-17.4978805618338	-17.6673270697539
-0.0499999999999999	-17.6678293432475	-17.838093117283
-0.0479999999999999	-17.8377781246612	-18.0072246325813
-0.0459999999999999	-18.0077269060749	-18.1747216156489
-0.0439999999999999	-18.1776756874886	-18.3405840664857
-0.0419999999999999	-18.3476244689023	-18.5048119850918
-0.0399999999999999	-18.517573250316	-18.6674053714672
-0.0379999999999999	-18.6875220317297	-18.8283642256118
-0.0359999999999999	-18.8574708131434	-18.9876885475257
-0.0339999999999999	-19.027419594557	-19.1453783372088
-0.0319999999999999	-19.1973683759707	-19.3014335946612
-0.0299999999999999	-19.3673171573844	-19.4558543198828
-0.0279999999999999	-19.5372659387981	-19.6086405128738
-0.0259999999999999	-19.7072147202118	-19.7597921736339
-0.0239999999999999	-19.8771635016255	-19.9093093021634
-0.0219999999999999	-20.0471122830392	-20.0571918984621
-0.0199999999999999	-20.2170610644529	-20.20343996253
-0.0179999999999999	-20.3870098458666	-20.3480534943673
-0.0159999999999999	-20.5569586272803	-20.4910324939737
-0.0139999999999999	-20.726907408694	-20.6323769613495
-0.012	-20.8968561901076	-20.7720868964945
-0.01	-21.0668049715213	-20.9101622994087
-0.00800000000000001	-21.236753752935	-21.0466031700922
-0.00600000000000001	-21.4067025343487	-21.181409508545
-0.004	-21.5766513157624	-21.314581314767
-0.002	-21.7466000971761	-21.4461185887583
0	-21.9165488785898	-21.5760213305189
0.002	-21.9606113716561	-21.6565635717982
0.004	-22.000632283308	-21.735451881256
0.00600000000000001	-22.0406531949598	-21.8126862588922
0.00800000000000001	-22.0806741066116	-21.8882667047069
0.01	-22.1206950182634	-21.9621932187001
0.012	-22.1607159299152	-22.0344658008718
0.014	-22.2007368415671	-22.1050844512219
0.016	-22.2407577532189	-22.1740491697505
0.018	-22.2807786648707	-22.2413599564576
0.02	-22.3207995765225	-22.3070168113431
0.022	-22.3608204881743	-22.3710197344071
0.024	-22.4008413998262	-22.4333687256496
0.026	-22.440862311478	-22.4940637850705
0.028	-22.4808832231298	-22.5531049126699
0.03	-22.5209041347816	-22.6104921084478
0.032	-22.5609250464334	-22.6662253724042
0.034	-22.6009459580852	-22.720304704539
0.036	-22.6409668697371	-22.7727301048523
0.038	-22.6809877813889	-22.823501573344
0.04	-22.7210086930407	-22.8726191100143
0.042	-22.7610296046925	-22.920082714863
0.044	-22.8010505163443	-22.9658923878902
0.046	-22.8410714279962	-23.0100481290958
0.048	-22.881092339648	-23.0525499384799
0.05	-22.9211132512998	-23.0933978160425
0.052	-22.9611341629516	-23.1325917617836
0.054	-23.0011550746034	-23.1701317757031
0.056	-23.0411759862553	-23.2060178578011
0.0580000000000001	-23.0811968979071	-23.2402500080775
0.0600000000000001	-23.1212178095589	-23.2728282265325
0.0620000000000001	-23.1612387212107	-23.3037525131659
0.0640000000000001	-23.2012596328625	-23.3330228679777
0.0660000000000001	-23.2412805445144	-23.3606392909681
0.0680000000000001	-23.2813014561662	-23.3866017821369
0.0700000000000001	-23.321322367818	-23.4109103414842
0.0720000000000001	-23.3613432794698	-23.4335649690099
0.0740000000000001	-23.4013641911216	-23.4545656647142
0.0760000000000001	-23.4413851027734	-23.4739124285969
0.0780000000000001	-23.4814060144253	-23.491605260658
0.0800000000000001	-23.5214269260771	-23.5076441608977
0.0820000000000001	-23.5614478377289	-23.5220291293158
0.0840000000000001	-23.6014687493807	-23.5347601659123
0.0860000000000001	-23.6414896610325	-23.5458372706874
0.0880000000000001	-23.6815105726844	-23.5552604436409
0.0900000000000001	-23.7215314843362	-23.5630296847729
0.0920000000000001	-23.761552395988	-23.5691449940833
0.0940000000000001	-23.8015733076398	-23.5736063715723
0.0960000000000001	-23.8415942192916	-23.5764138172397
0.0980000000000001	-23.8816151309435	-23.5775673310855
0.1	-23.9216360425953	-23.5770669131098
0.102	-23.7507249418394	-23.5307941992167
0.104	-23.6751414218125	-23.4833251258895
0.106	-23.5995579017856	-23.4346596931283
0.108	-23.5239743817587	-23.3847979009331
0.11	-23.4483908617318	-23.3337397493038
0.112	-23.3728073417049	-23.2814852382405
0.114	-23.2972238216779	-23.2280343677431
0.116	-23.221640301651	-23.1733871378118
0.118	-23.1460567816241	-23.1175435484464
0.12	-23.0704732615972	-23.0605035996469
0.122	-22.9948897415703	-23.0022672914135
0.124	-22.9193062215434	-22.942834623746
0.126	-22.8437227015164	-22.8822055966444
0.128	-22.7681391814895	-22.8203802101089
0.13	-22.6925556614626	-22.7573584641393
0.132	-22.6169721414357	-22.6931403587357
0.134	-22.5413886214088	-22.627725893898
0.136	-22.4658051013819	-22.5611150696263
0.138	-22.390221581355	-22.4933078859206
0.14	-22.314638061328	-22.4243043427809
0.142	-22.2390545413011	-22.3541044402071
0.144	-22.1634710212742	-22.2827081781993
0.146	-22.0878875012473	-22.2101155567575
0.148	-22.0123039812204	-22.1363265758816
0.15	-21.9367204611935	-22.0613412355717
0.152	-21.8611369411665	-21.9851595358278
0.154	-21.7855534211396	-21.9077814766498
0.156	-21.7099699011127	-21.8292070580378
0.158	-21.6343863810858	-21.7494362799918
0.16	-21.5588028610589	-21.6684691425117
0.162	-21.483219341032	-21.5863056455976
0.164	-21.407635821005	-21.5029457892495
0.166	-21.3320523009781	-21.4183895734674
0.168	-21.2564687809512	-21.3326369982512
0.17	-21.1808852609243	-21.245688063601
0.172	-21.1053017408974	-21.1575427695167
0.174	-21.0297182208705	-21.0682011159985
0.176	-20.9541347008436	-20.9776631030462
0.178	-20.8785511808166	-20.8859287306598
0.18	-20.8029676607897	-20.7929979988395
0.182	-20.7273841407628	-20.6988709075851
0.184	-20.6518006207359	-20.6035474568966
0.186	-20.576217100709	-20.5070276467742
0.188	-20.5006335806821	-20.4093114772177
0.19	-20.4250500606552	-20.3103989482272
0.192	-20.3494665406282	-20.2102900598026
0.194	-20.2738830206013	-20.108984811944
0.196	-20.1982995005744	-20.0064832046514
0.198	-20.1227159805475	-19.9027852379248
0.2	-20.0471324605206	-19.7978909117641
0.202	-19.7396265442738	-19.656205219919
0.204	-19.5868230512681	-19.5140657402714
0.206	-19.4340195582624	-19.3714724728213
0.208	-19.2812160652567	-19.2284254175688
0.21	-19.1284125722509	-19.0849245745138
0.212	-18.9756090792452	-18.9409699436563
0.214	-18.8228055862395	-18.7965615249964
0.216	-18.6700020932338	-18.651699318534
0.218	-18.517198600228	-18.5063833242691
0.22	-18.3643951072223	-18.3606135422017
0.222	-18.2115916142166	-18.2143899723319
0.224	-18.0587881212109	-18.0677126146595
0.226	-17.9059846282052	-17.9205814691847
0.228	-17.7531811351994	-17.7729965359075
0.23	-17.6003776421937	-17.6249578148277
0.232	-17.447574149188	-17.4764653059455
0.234	-17.2947706561823	-17.3275190092608
0.236	-17.1419671631765	-17.1781189247736
0.238	-16.9891636701708	-17.028265052484
0.24	-16.8363601771651	-16.8779573923919
0.242	-16.6835566841594	-16.7271959444973
0.244	-16.5307531911537	-16.5759807088002
0.246	-16.3779496981479	-16.4243116853007
0.248	-16.2251462051422	-16.2721888739987
0.25	-16.0723427121365	-16.1196122748942
0.252	-15.9195392191308	-15.9665818879873
0.254	-15.766735726125	-15.8130977132778
0.256	-15.6139322331193	-15.6591597507659
0.258	-15.4611287401136	-15.5047680004515
0.26	-15.3083252471079	-15.3499224623347
0.262	-15.1555217541021	-15.1946231364153
0.264	-15.0027182610964	-15.0388700226935
0.266	-14.8499147680907	-14.8826631211693
0.268	-14.697111275085	-14.7260024318425
0.27	-14.5443077820793	-14.5688879547133
0.272	-14.3915042890735	-14.4113196897816
0.274	-14.2387007960678	-14.2532976370474
0.276	-14.0858973030621	-14.0948217965107
0.278	-13.9330938100564	-13.9358921681716
0.28	-13.7802903170506	-13.77650875203
0.282	-13.6274868240449	-13.6166715480859
0.284	-13.4746833310392	-13.4563805563394
0.286	-13.3218798380335	-13.2956357767904
0.288	-13.1690763450278	-13.1344372094389
0.29	-13.016272852022	-12.9727848542849
0.292	-12.8634693590163	-12.8106787113285
0.294	-12.7106658660106	-12.6481187805695
0.296	-12.5578623730049	-12.4851050620082
0.298	-12.4050588799991	-12.3216375556443
0.3	-12.2522553869934	-12.1577162614779
0.302	-11.9038233986622	-11.9683287944698
0.304	-11.7230327523103	-11.7792922181007
0.306	-11.5422421059583	-11.5906065323707
0.308	-11.3614514596063	-11.4022717372797
0.31	-11.1806608132543	-11.2142878328277
0.312	-10.9998701669024	-11.0266548190147
0.314	-10.8190795205504	-10.8393726958407
0.316	-10.6382888741984	-10.6524414633058
0.318	-10.4574982278464	-10.4658611214099
0.32	-10.2767075814945	-10.279631670153
0.322	-10.0959169351425	-10.0937531095352
0.324	-9.91512628879051	-9.90822543955633
0.326	-9.73433564243853	-9.72304866021653
0.328	-9.55354499608655	-9.53822277151576
0.33	-9.37275434973458	-9.35374777345401
0.332	-9.1919637033826	-9.16962366603129
0.334	-9.01117305703062	-8.98585044924759
0.336	-8.83038241067865	-8.80242812310292
0.338	-8.64959176432667	-8.61935668759728
0.34	-8.4688011179747	-8.43663614273066
0.342	-8.28801047162272	-8.25426648850306
0.344	-8.10721982527074	-8.0722477249145
0.346	-7.92642917891877	-7.89057985196496
0.348	-7.74563853256679	-7.70926286965444
0.35	-7.56484788621481	-7.52829677798295
0.352	-7.38405723986284	-7.34768157695049
0.354	-7.20326659351086	-7.16741726655705
0.356	-7.02247594715888	-6.98750384680264
0.358	-6.84168530080691	-6.80794131768725
0.36	-6.66089465445493	-6.62872967921089
0.362	-6.48010400810296	-6.44986893137356
0.364	-6.29931336175098	-6.27135907417525
0.366	-6.118522715399	-6.09320010761597
0.368	-5.93773206904703	-5.91539203169571
0.37	-5.75694142269505	-5.73793484641448
0.372	-5.57615077634307	-5.56082855177228
0.374	-5.3953601299911	-5.3840731477691
0.376	-5.21456948363912	-5.20766863440495
0.378	-5.03377883728715	-5.03161501167982
0.38	-4.85298819093517	-4.85591227959372
0.382	-4.67219754458319	-4.68056043814664
0.384	-4.49140689823122	-4.50555948733859
0.386	-4.31061625187924	-4.33090942716957
0.388	-4.12982560552726	-4.15661025763957
0.39	-3.94903495917529	-3.9826619787486
0.392	-3.76824431282331	-3.80906459049666
0.394	-3.58745366647134	-3.63581809288373
0.396	-3.40666302011936	-3.46292248590984
0.398	-3.22587237376738	-3.29037776957497
0.4	-2.90550359247417	-3.11818394387913
0.402	-2.74348782081746	-2.93115696289719
0.404	-2.58147204916074	-2.74515084760199
0.406	-2.41945627750403	-2.56016559799354
0.408	-2.25744050584731	-2.37620121407183
0.41	-2.0954247341906	-2.19325769583687
0.412	-1.93340896253388	-2.01133504328865
0.414	-1.77139319087717	-1.83043325642717
0.416	-1.60937741922046	-1.65055233525244
0.418	-1.44736164756374	-1.47169227976445
0.42	-1.28534587590703	-1.29385308996321
0.422	-1.12333010425031	-1.11703476584871
0.424	-0.9613143325936	-0.941237307420951
0.426	-0.799298560936904	-0.766460714679958
0.428	-0.63728278928019	-0.592704987625689
0.43	-0.475267017623476	-0.419970126258164
0.432	-0.313251245966762	-0.248256130577383
0.434	-0.151235474310048	-0.0775630005833458
0.436	0.0107802973466664	0.0921092637239477
0.438	0.17279606900338	0.260760662344497
0.44	0.334811840660095	0.428391195278303
0.442	0.496827612316808	0.595000862525364
0.444	0.658843383973523	0.760589664085682
0.446	0.820859155630237	0.925157599959256
0.448	0.982874927286951	1.08870467014609
0.45	1.14489069894366	1.25123087464617
0.452	1.30690647060038	1.41273621345951
0.454	1.46892224225709	1.57322068658611
0.456	1.63093801391381	1.73268429402597
0.458	1.79295378557052	1.89112703577908
0.46	1.95496955722724	2.04854891184544
0.462	2.11698532888395	2.20494992222507
0.464	2.27900110054066	2.36033006691795
0.466	2.44101687219738	2.51468934592408
0.468	2.60303264385409	2.66802775924347
0.47	2.76504841551081	2.82034530687612
0.472	2.92706418716752	2.97164198882202
0.474	3.08907995882423	3.12191780508118
0.476	3.25109573048095	3.2711727556536
0.478	3.41311150213766	3.41940684053927
0.48	3.57512727379438	3.5666200597382
0.482	3.73714304545109	3.71281241325038
0.484	3.8991588171078	3.85798390107582
0.486	4.06117458876452	4.00213452321451
0.488	4.22319036042123	4.14526427966647
0.49	4.38520613207795	4.28737317043167
0.492	4.54722190373466	4.42846119551014
0.494	4.70923767539137	4.56852835490186
0.496	4.87125344704809	4.70757464860684
0.498	5.0332692187048	4.84560007662507
0.5	5.19528499036152	4.98260463895656
0.502	5.3889860751636	5.12682792953296
0.504	5.49827079148099	5.2696251558539
0.506	5.60755550779837	5.41099631791937
0.508	5.71684022411576	5.55094141572937
0.51	5.82612494043314	5.6894604492839
0.512	5.93540965675053	5.82655341858295
0.514	6.04469437306791	5.96222032362654
0.516	6.15397908938529	6.09646116441466
0.518	6.26326380570268	6.2292759409473
0.52	6.37254852202006	6.36066465322448
0.522	6.48183323833745	6.49062730124618
0.524	6.59111795465483	6.61916388501242
0.526	6.70040267097222	6.74627440452318
0.528	6.8096873872896	6.87195885977847
0.53	6.91897210360698	6.9962172507783
0.532	7.02825681992437	7.11904957752265
0.534	7.13754153624175	7.24045584001153
0.536	7.24682625255914	7.36043603824494
0.538	7.35611096887652	7.47899017222289
0.54	7.4653956851939	7.59611824194536
0.542	7.57468040151129	7.71182024741236
0.544	7.68396511782867	7.82609618862389
0.546	7.79324983414606	7.93894606557995
0.548	7.90253455046344	8.05036987828054
0.55	8.01181926678083	8.16036762672566
0.552	8.12110398309821	8.26893931091531
0.554	8.2303886994156	8.37608493084949
0.556	8.33967341573298	8.48180448652819
0.558	8.44895813205036	8.58609797795143
0.56	8.55824284836775	8.6889654051192
0.562	8.66752756468513	8.7904067680315
0.564	8.77681228100252	8.89042206668832
0.566	8.8860969973199	8.98901130108968
0.568	8.99538171363728	9.08617447123557
0.57	9.10466642995467	9.18191157712598
0.572	9.21395114627205	9.27622261876093
0.574	9.32323586258944	9.3691075961404
0.576	9.43252057890682	9.4605665092644
0.578	9.5418052952242	9.55059935813294
0.58	9.65109001154159	9.639206142746
0.582	9.76037472785897	9.7263868631036
0.584	9.86965944417636	9.81214151920572
0.586	9.97894416049374	9.89647011105237
0.588	10.0882288768111	9.97937263864355
0.59	10.1975135931285	10.0608491019793
0.592	10.3067983094459	10.1408995010595
0.594	10.4160830257633	10.2195238358843
0.596	10.5253677420807	10.2967221064536
0.598	10.634652458398	10.3724943127674
0.6	10.7439371747154	10.4468404548258
0.602	10.8046372308283	10.5250181344529
0.604	10.8455492647916	10.6016747673182
0.606	10.8864612987549	10.6768103534218
0.608	10.9273733327182	10.7504248927635
0.61	10.9682853666815	10.8225183853435
0.612	11.0091974006448	10.8930908311617
0.614	11.0501094346082	10.9621422302181
0.616	11.0910214685715	11.0296725825127
0.618	11.1319335025348	11.0956818880455
0.62	11.1728455364981	11.1601701468166
0.622	11.2137575704614	11.2231373588258
0.624	11.2546696044247	11.2845835240733
0.626	11.2955816383881	11.3445086425589
0.628	11.3364936723514	11.4029127142828
0.63	11.3774057063147	11.4597957392449
0.632	11.418317740278	11.5151577174452
0.634	11.4592297742413	11.5689986488837
0.636	11.5001418082047	11.6213185335604
0.638	11.541053842168	11.6721173714754
0.64	11.5819658761313	11.7213951626285
0.642	11.6228779100946	11.7691519070199
0.644	11.6637899440579	11.8153876046495
0.646	11.7047019780212	11.8601022555173
0.648	11.7456140119846	11.9032958596233
0.65	11.7865260459479	11.9449684169675
0.652	11.8274380799112	11.9851199275499
0.654	11.8683501138745	12.0237503913705
0.656	11.9092621478378	12.0608598084294
0.658	11.9501741818011	12.0964481787264
0.66	11.9910862157645	12.1305155022617
0.662	12.0319982497278	12.1630617790352
0.664	12.0729102836911	12.1940870090469
0.666	12.1138223176544	12.2235911922968
0.668	12.1547343516177	12.2515743287849
0.67	12.1956463855811	12.2780364185112
0.672	12.2365584195444	12.3029774614758
0.674	12.2774704535077	12.3263974576785
0.676	12.318382487471	12.3482964071195
0.678	12.3592945214343	12.3686743097987
0.68	12.4002065553976	12.3875311657161
0.682	12.441118589361	12.4048669748717
0.684	12.4820306233243	12.4206817372655
0.686	12.5229426572876	12.4349754528975
0.688	12.5638546912509	12.4477481217678
0.69	12.6047667252142	12.4589997438762
0.692	12.6456787591775	12.4687303192229
0.694	12.6865907931409	12.4769398478077
0.696	12.7275028271042	12.4836283296308
0.698	12.7684148610675	12.4887957646921
0.7	12.8093268950308	12.4924421529916
0.702	12.7471379911988	12.5007749145653
0.704	12.7226372330398	12.5077675324765
0.706	12.6981364748809	12.5134200067251
0.708	12.6736357167219	12.5177323373111
0.71	12.649134958563	12.5207045242346
0.712	12.624634200404	12.5223365674955
0.714	12.6001334422451	12.5226284670939
0.716	12.5756326840861	12.5215802230297
0.718	12.5511319259272	12.5191918353029
0.72	12.5266311677682	12.5154633039136
0.722	12.5021304096093	12.5103946288617
0.724	12.4776296514504	12.5039858101473
0.726	12.4531288932914	12.4962368477703
0.728	12.4286281351325	12.4871477417308
0.73	12.4041273769735	12.4767184920287
0.732	12.3796266188146	12.464949098664
0.734	12.3551258606556	12.4518395616368
0.736	12.3306251024967	12.4373898809471
0.738	12.3061243443377	12.4216000565947
0.74	12.2816235861788	12.4044700885799
0.742	12.2571228280198	12.3859999769024
0.744	12.2326220698609	12.3661897215624
0.746	12.2081213117019	12.3450393225599
0.748	12.183620553543	12.3225487798947
0.75	12.159119795384	12.2987180935671
0.752	12.1346190372251	12.2735472635769
0.754	12.1101182790661	12.2470362899241
0.756	12.0856175209072	12.2191851726087
0.758	12.0611167627482	12.1899939116308
0.76	12.0366160045893	12.1594625069904
0.762	12.0121152464303	12.1275909586874
0.764	11.9876144882714	12.0943792667218
0.766	11.9631137301125	12.0598274310937
0.768	11.9386129719535	12.023935451803
0.77	11.9141122137946	11.9867033288497
0.772	11.8896114556356	11.9481310622339
0.774	11.8651106974767	11.9082186519556
0.776	11.8406099393177	11.8669660980147
0.778	11.8161091811588	11.8243734004112
0.78	11.7916084229998	11.7804405591452
0.782	11.7671076648409	11.7351675742166
0.784	11.7426069066819	11.6885544456255
0.786	11.718106148523	11.6406011733718
0.788	11.693605390364	11.5913077574555
0.79	11.6691046322051	11.5406741978767
0.792	11.6446038740461	11.4887004946353
0.794	11.6201031158872	11.4353866477314
0.796	11.5956023577282	11.3807326571649
0.798	11.5711015995693	11.3247385229359
0.8	11.5466008414103	11.2674042450443
0.802	11.3981392103121	11.3981392103121
0.804	11.3257326584422	11.3257326584422
0.806	11.2533261065723	11.2533261065723
0.808	11.1809195547024	11.1809195547024
0.81	11.1085130028325	11.1085130028325
0.812	11.0361064509627	11.0361064509627
0.814	10.9636998990928	10.9636998990928
0.816	10.8912933472229	10.8912933472229
0.818	10.818886795353	10.818886795353
0.82	10.7464802434831	10.7464802434831
0.822	10.6740736916132	10.6740736916132
0.824	10.6016671397434	10.6016671397434
0.826	10.5292605878735	10.5292605878735
0.828	10.4568540360036	10.4568540360036
0.83	10.3844474841337	10.3844474841337
0.832	10.3120409322638	10.3120409322638
0.834	10.2396343803939	10.2396343803939
0.836	10.1672278285241	10.1672278285241
0.838	10.0948212766542	10.0948212766542
0.84	10.0224147247843	10.0224147247843
0.842	9.95000817291441	9.95000817291441
0.844	9.87760162104453	9.87760162104453
0.846	9.80519506917464	9.80519506917465
0.848	9.73278851730476	9.73278851730477
