1.5 -0.352838265261167
1.46875 -0.355701912771742
1.4375 -0.358543286702502
1.40625 -0.361352645516462
1.375 -0.36411861662262
1.34375 -0.366827914256219
1.3125 -0.369465003066053
1.28125 -0.372011695679137
1.25 -0.374446669667874
1.21875 -0.376744885726087
1.1875 -0.388990393504371
1.15625 -0.392179788829204
1.125 -0.395300602256452
1.09375 -0.398330584329822
1.0625 -0.401242811005026
1.03125 -0.404004615930253
1 -0.412256684215629
0.96875 -0.415580661009147
0.9375 -0.418789876388991
0.90625 -0.421847143722537
0.875 -0.424705669103281
0.84375 -0.431413700816468
0.8125 -0.434627930309613
0.78125 -0.437637815611543
0.75 -0.443077232770996
0.71875 -0.446232951981877
0.6875 -0.449133669308939
0.65625 -0.453965946572595
0.625 -0.45684158651569
0.59375 -0.461102429861552
0.5625 -0.463798973568152
0.53125 -0.467657006644824
0.5 -0.471144476218211
0.46875 -0.47347889771268
0.4375 -0.476613890622605
0.40625 -0.47945039691942
0.375 -0.48268871063334
0.34375 -0.484958304081012
0.3125 -0.487444331283314
0.28125 -0.489550164094764
0.25 -0.491635468480035
0.21875 -0.493259750025555
0.1875 -0.49492240983715
0.15625 -0.496157585028035
0.125 -0.497323379134287
0.09375 -0.498174530446112
0.0625 -0.498785994836517
0.03125 -0.499154285955947
