1 2.99340321773425
1.25 1.22125455597356
1.5 0.437164165450274
1.75 0.437164165450274
2 0.0448720321888049
2.25 -0.168415022501642
2.5 -0.291231756138317
2.75 -0.364851060029119
3 -0.410234150616596
3.25 -0.410234150616596
3.5 -0.438751116521279
3.75 -0.456894001619499
4 -0.468520949033837
4.25 -0.475996679702566
4.5 -0.480804478401371
4.75 -0.480804478401371
5 -0.483890158307919
5.25 -0.485863265271479
5.5 -0.487118884751691
5.75 -0.487913528965005
6 -0.488413497045488
6.25 -0.488413497045488
6.5 -0.488726196120953
6.75 -0.488920627516421
7 -0.48904084198668
7.25 -0.489114772884174
7.5 -0.489160012576654
7.75 -0.489160012576654
8 -0.489187566857397
8.25 -0.489204277135849
8.5 -0.48921437073696
8.75 -0.489220445225196
9 -0.489224088542678
9.25 -0.489224088542678
9.5 -0.489226266853895
9.75 -0.489227565466967
10 -0.489228337557276
10.25 -0.489228795453995
10.5 -0.489229066381186
10.75 -0.489229066381186
11 -0.489229226333542
11.25 -0.489229320575127
11.5 -0.489229375994767
11.75 -0.489229408526276
12 -0.489229427590095
12.25 -0.489229427590095
12.5 -0.489229438743889
12.75 -0.48922944525988
13 -0.489229449061067
13.25 -0.48922945127554
13.5 -0.489229452563982
13.75 -0.489229452563982
14 -0.489229453312719
14.25 -0.489229453747319
14.5 -0.489229453999302
14.75 -0.489229454145248
