From stdin:

1 0.841470984807897 0.54030230586814
2 0.909297426825682 -0.416146836547142
3 0.141120008059867 -0.989992496600445
4 -0.756802495307928 -0.653643620863612
5 -0.958924274663138 0.283662185463226

From cmdline:

1 0.841470984807897 0.54030230586814
0.5 0.479425538604203 0.877582561890373
0.25 0.247403959254523 0.968912421710645
0.5 0.479425538604203 0.877582561890373
0.125 0.124674733385228 0.992197667229329

From fileio:

1 0.841470984807897 0.54030230586814
2 0.909297426825682 -0.416146836547142
3 0.141120008059867 -0.989992496600445
4 -0.756802495307928 -0.653643620863612
5 -0.958924274663138 0.283662185463226
6 -0.279415498198926 0.960170286650366
7 0.656986598718789 0.753902254343305
8 0.989358246623382 -0.145500033808614
9 0.412118485241757 -0.911130261884677
10 -0.54402111088937 -0.839071529076452
