0	3.04159265358979	0
0.01	3.04156769523563	-0.00498543124380099
0.0336697674566057	3.04131017444645	-0.0167461067555191
0.0742486800119671	3.04022194920383	-0.0368553240543514
0.131126157284123	3.03732217075533	-0.0652061064431285
0.201336684052254	3.03150151417603	-0.101088202518908
0.277669253087082	3.02225839586353	-0.142173582228023
0.34641673638692	3.01116165812288	-0.181989174231346
0.404376279604306	2.99959777672518	-0.218304607423318
0.45291271717788	2.98823286726223	-0.251079594755369
0.494236173864158	2.97725884397084	-0.280957676041275
0.530234008045011	2.96666050128622	-0.308650996667775
0.562297343435523	2.95635647351666	-0.334757542645505
0.591406504274194	2.94625726278632	-0.359735857887853
0.618246316223502	2.93628485890672	-0.383925433974498
0.643298320898938	2.926377005057	-0.407574476798853
0.66690580874651	2.91648604186225	-0.430864060603181
0.68931784525755	2.90657625767839	-0.453926712461762
0.710718742641439	2.89662118334979	-0.476860055155482
0.731247803824638	2.88660128562056	-0.499736630069815
0.751012628427749	2.87650214149984	-0.522610916145145
0.770098154772621	2.86631304723426	-0.545524334625815
0.788572863505136	2.85602598136649	-0.568508819955441
0.806493078941849	2.8456348420986	-0.591589373481495
0.823905985903546	2.83513489113995	-0.614785896162066
0.840851772238071	2.82452235019405	-0.638114509956289
0.857365171174955	2.81379410890109	-0.661588516099358
0.873476587920277	2.80294751345681	-0.685219094968681
0.889212935364839	2.79198021325608	-0.709015821541689
0.904598264054892	2.78089004907094	-0.732987048791594
0.919654244924149	2.76967497084982	-0.757140196105692
0.934400545307867	2.75833297657696	-0.781481969057479
0.948855126562262	2.74686206606004	-0.806018529286426
0.963034483285577	2.73526020526033	-0.830755627897055
0.976953838413675	2.7235252980265	-0.855698712018844
0.990627304499268	2.71165516297966	-0.880853011503876
1.00406801871586	2.69964751392419	-0.90622361085189
1.01728825717672	2.68749994260093	-0.931815510112514
1.03029953277058	2.67520990290965	-0.957633677560471
1.04311267971713	2.6627746959439	-0.983683096258521
1.05573792731905	2.65019145533118	-1.00996880613559
1.06821587008466	2.63742510770002	-1.03656256212847
1.0806238579455	2.62439746563617	-1.06362453191038
1.09301115002315	2.61105276393242	-1.09126646241688
1.10540999805148	2.59734881723948	-1.11957053509809
1.11784229555285	2.58325154420228	-1.14860097439272
1.13032364799404	2.56873148904106	-1.17841136040533
1.14286590255435	2.55376155775195	-1.20904932839961
1.15547874218275	2.53831550230463	-1.24055965444274
1.16817070602586	2.52236686567832	-1.27298633907826
1.18094985746377	2.50588820634706	-1.30637407255469
1.19382423704556	2.48885048468566	-1.34076932700124
1.2068021867598	2.47122253270292	-1.37622123619697
1.21989260104046	2.45297055203261	-1.4127823715563
1.23310514102968	2.43405759872896	-1.45050949163039
1.24645043736686	2.41444302032564	-1.48946432468587
1.25994030045005	2.39408181262539	-1.5297144356013
1.27358795414216	2.37292386165027	-1.5713342271389
1.28740830841169	2.35091303024	-1.61440613066096
1.30141828805344	2.32798603841494	-1.65902205272294
1.31563723849252	2.3040710705369	-1.70528516295739
1.33008743622678	2.27908601817779	-1.75331213792973
1.34479474174824	2.25293623151359	-1.8032360199004
1.35978944867555	2.22551159741573	-1.85520991667313
1.37510740759353	2.19668267803152	-1.90941187261277
1.39079154249027	2.16629551002367	-1.96605140535658
1.40689394213864	2.13416444659752	-2.02537847078486
1.42347881792017	2.10006205594944	-2.08769607126833
1.44062681212484	2.06370444091423	-2.15337851797104
1.45844149725227	2.02472914531322	-2.22289882729647
1.47682722656993	1.98319395122232	-2.29594045694111
1.49539698014457	1.93986805407988	-2.37094747160873
1.51389937032878	1.89530310148877	-2.44679988016563
1.53218054912559	1.84988303370319	-2.5227101998371
1.55015278949022	1.80386987532242	-2.59813008290116
1.56777142697886	1.75744011834153	-2.67267709099085
1.58501898093979	1.71071157965778	-2.74608128979626
1.60189463993299	1.66376239240314	-2.81814793519071
1.61840748247221	1.61664407249753	-2.88873210696887
1.63457219492587	1.56939034272069	-2.95772177922132
1.6504064166786	1.52202301031273	-3.02502666505112
1.66592912766456	1.47455583736751	-3.09057093194835
1.68115969545509	1.42699706046159	-3.15428847347447
1.69611733577117	1.37935100752139	-3.21611984998893
1.71082083023868	1.33161911242022	-3.27601030843857
1.72528840341466	1.28380052586412	-3.33390849292829
1.73953769841767	1.23589245160932	-3.38976559221512
1.75358581430896	1.18789028983136	-3.44353475862342
1.76744938361953	1.1397876371463	-3.49517069021335
1.78114467833344	1.09157617007835	-3.54462930466754
1.79468773934228	1.0432454218724	-3.59186745618901
1.80809452930826	0.994782448598285	-3.63684266021054
1.82139850063878	0.946107371978229	-3.67956735545151
1.83477581403421	0.896604063659213	-3.72046714997729
1.84833769655411	0.845873850837431	-3.75967340099264
1.8618243439896	0.794913557782248	-3.79626082664154
1.8750891442391	0.744326419656365	-3.8297719083142
1.88806158832614	0.694440457360317	-3.86004448528552
1.90071832159952	0.6454059070041	-3.88708474671379
1.91306315523922	0.597265366432978	-3.9109844811736
1.9251142864959	0.550000391014258	-3.93187156927973
1.93689658152278	0.503560747241505	-3.94988245953405
1.94843715013039	0.457881945889558	-3.96514807154976
1.95976295481011	0.412895273015192	-3.97778742521055
1.97089962840085	0.368533204131421	-3.98790547410801
1.98187098404016	0.324732070200746	-3.99559307852491
1.99269890529656	0.281433142251286	-4.00092795829337
2.00340343308374	0.238582843164846	-4.00397600203351
2.01400294459171	0.19613250630066	-4.00479261562629
2.02451436641693	0.154037922962674	-4.00342396204838
2.03495339154143	0.112258813629324	-3.99990803473482
2.04533468554699	0.0707582945195089	-3.99427555206503
2.05567207623819	0.0295023743676447	-3.98655068155006
2.06597872558942	-0.011540504439508	-3.97675161030573
2.07626728536103	-0.0523998774991769	-3.96489097981489
2.08655003887615	-0.0931036257632227	-3.95097620127298
2.09683903191357	-0.133678304350916	-3.93500966478472
2.10714619580227	-0.174149439591562	-3.91698885222381
2.11748346580053	-0.214541801326532	-3.89690636006626
2.12786289782261	-0.254879657385389	-3.87474983507222
2.13829678660881	-0.295187016957972	-3.85050182228283
2.1487977885655	-0.335487869478458	-3.82413952129202
2.15937905276822	-0.375806425724161	-3.79563444296342
2.17005436406231	-0.41616736819282	-3.76495195444256
2.18083830286142	-0.456596118539135	-3.73205069514608
2.1917464272029	-0.497119131026339	-3.69688183996523
2.20279548397119	-0.537764222724673	-3.65938817761382
2.21400365809095	-0.578560953775434	-3.61950296104854
2.22539087114013	-0.619541074751718	-3.57714847198278
2.23697914456916	-0.660739063464139	-3.53223422089904
2.2487930480425	-0.702192781221909	-3.48465467489349
2.26065168601941	-0.743227709233502	-3.43517184083993
2.27242883623962	-0.783390049441416	-3.38441633183453
2.28405630482323	-0.822446530029047	-3.33282303758914
2.29550290362017	-0.860301391689834	-3.28068310227127
2.30675974815046	-0.896939426452288	-3.22818742451835
2.31783064122633	-0.932389450089743	-3.17545949213841
2.32872607185488	-0.966702003848254	-3.12257866737837
2.3394596124084	-0.999936312844916	-3.06959603249848
2.35004583781097	-1.03215300220061	-3.0165448616696
2.36058221207821	-1.06365634748935	-2.96302288747482
2.37112907028154	-1.09462264103257	-2.90878976142755
2.38172437146638	-1.12515189680764	-2.85370569771494
2.39239246018565	-1.15529815343948	-2.79769389937735
2.4031493143115	-1.18508741155681	-2.74071744172146
2.41400574250202	-1.21452842798585	-2.68276480666236
2.42496935250481	-1.24361927441033	-2.62384073169738
2.43604576930516	-1.27235134189647	-2.56396037971096
2.44723939014665	-1.30071178919647	-2.50314560531976
2.45855385151073	-1.32868503726036	-2.44142255259461
2.46999231608039	-1.35625367755217	-2.37882010073861
2.48155764680174	-1.38339901993416	-2.31536885041245
2.49325250990592	-1.41010141930556	-2.25110045474634
2.50507943305406	-1.43634046700043	-2.18604716994946
2.51704083496461	-1.46209510017203	-2.12024154569611
2.52913903674653	-1.48734366216148	-2.05371620443143
2.54137626131889	-1.51206393436508	-1.98650367728241
2.55375462488981	-1.5362331524206	-1.91863627613452
2.56627612296428	-1.55982801480312	-1.8501459890411
2.5789426124133	-1.58282468902433	-1.78106439101099
2.59175579055881	-1.60519881886598	-1.71142256535684
2.60471717187739	-1.62692553501295	-1.64125103281205
2.61782806271788	-1.64797947081506	-1.57057968694462
2.63108953431401	-1.66833478453047	-1.49943773526664
2.64450239431845	-1.68796518918324	-1.42785364602276
2.65806715707101	-1.70684399103581	-1.35585510104344
2.67178401282724	-1.72494413759193	-1.28346895533127
2.68565279620683	-1.74223827597892	-1.2107212042514
2.69967295416837	-1.75869882249007	-1.13763695934223
2.71384351387474	-1.77429804398536	-1.06424043386093
2.7281630508778	-1.78900815174063	-0.990554939236492
2.74262965812053	-1.8028014081942	-0.91660289361923
2.7572409163249	-1.81565024685863	-0.842405843688708
2.77199386640286	-1.82752740544014	-0.767984500806572
2.78688498459092	-1.83840607193593	-0.693358792472067
2.80191016106239	-1.84826004315996	-0.618547929850966
2.8170646828111	-1.85706389478281	-0.543570491899533
2.83234322162087	-1.86479316156688	-0.46844452629207
2.84773982793173	-1.87142452604298	-0.393187666984554
2.86324793138249	-1.87693601342109	-0.317817267812469
2.87886034874495	-1.88130719007436	-0.242350551037074
2.89456929986619	-1.8845193625007	-0.166804769234711
2.91036643209891	-1.88655577327461	-0.0911973783868122
2.92624285352809	-1.88740179017918	-0.0155462194971593
2.94218917509642	-1.88704508447879	0.0601302944354917
2.95819556149786	-1.8854757941839	0.135812989697838
2.9742517904544	-1.88268666818895	0.21148174534861
2.99034731972848	-1.87867318735064	0.287115313089094
3.00647136096112	-1.87343365892233	0.362691147775995
3.02261295918099	-1.86696928127108	0.438185252754119
3.03876107661216	-1.85928417646387	0.51357204393527
3.05490467923433	-1.8503853890969	0.588824236130286
3.07103282442735	-1.84028285062444	0.663912754566172
3.08713474797246	-1.82898930938142	0.738806673813646
3.10319994868816	-1.81652022744222	0.813473185545428
3.11921826905244	-1.80289364636943	0.887877595682856
3.13517997029868	-1.78813002473612	0.961983350612499
3.15107580066511	-1.77225205101274	1.03575209131057
3.16689705571467	-1.755284435964	1.10914373344328
3.18263562991074	-1.73725368907936	1.18211657085159
3.1982840589209	-1.71818788375425	1.25462739930618
3.21383555240958	-1.69811641594804	1.3266316570495
3.2292840173582	-1.67706976088256	1.39808357843228
3.24462407220723	-1.65507923203138	1.46893635689702
3.25985105233681	-1.63217674621421	1.53914231364746
3.27496100758772	-1.60839459808189	1.60865306854994
3.28995069266659	-1.58376524669103	1.67741971011497
3.304817551379	-1.55832111625136	1.74539296177758
3.31955969569327	-1.53209441251518	1.8125233421062
3.33417588065955	-1.50511695568707	1.87876131699601
3.34866547619902	-1.4774200301849	1.94405744232198
3.36302843674265	-1.44903425108974	2.00836249592081
3.37726526964453	-1.41998944669216	2.07162759812606
3.39137700322776	-1.39031455617553	2.13380432038709
3.4053651552476	-1.36003754117214	2.19484478175467
3.41923170248319	-1.32918530967818	2.25470173321141
3.43297905209981	-1.29778365060951	2.31332862996414
3.44661001536436	-1.2658571771109	2.3706796918984
3.46012778425064	-1.23342927658108	2.42670995242634
3.47353591144314	-1.20052206523089	2.48137529593912
3.48683829424168	-1.16715634483147	2.5346324840063
3.50003916289015	-1.13335155911408	2.58643917034692
3.51314307390588	-1.09912574702633	2.63675390442746
3.52615490908039	-1.06449548969915	2.68553612331584
3.53907988096724	-1.02947584749381	2.7327461311259
3.55192354588538	-0.994080282822321	2.77834506500805
3.56471079214318	-0.958267020934641	2.82235908096595
3.57755780224089	-0.921728773143589	2.86510326622476
3.5905469345425	-0.884237970754168	2.90673000631603
3.60371320504698	-0.84569497517732	2.94720256775825
3.61686143233715	-0.806684708783057	2.98579883707248
3.62987505443167	-0.767586174842568	3.02211973676625
3.64269087821742	-0.728632136939125	3.05597654504065
3.65528003159354	-0.689956700038378	3.0873090253646
3.66763472860257	-0.651629950229959	3.1161306579351
3.67975954128163	-0.613681813565306	3.14249399652387
3.69166585632104	-0.576117882318625	3.16646970349617
3.70336846340501	-0.538929620052009	3.18813438309725
3.71488352032302	-0.50210078591785	3.20756385735468
3.72622738431351	-0.465611384891103	3.22482970292514
3.73741597661792	-0.429440032402514	3.23999768212393
3.74846446830205	-0.393565320602594	3.25312723520445
3.759387154952	-0.357966566652962	3.2642715380956
3.77019743886442	-0.322624185639212	3.27347783733179
3.780907869508	-0.287519840742811	3.28078789909417
3.79153021303419	-0.252636465456841	3.28623848342227
3.80207553390959	-0.217958215866033	3.28986179773126
3.81255427920878	-0.18347038789442	3.29168590822386
3.82297636058074	-0.149159320038791	3.29173510124146
3.83335123153651	-0.115012293256026	3.29003019365621
3.84368795922347	-0.0810174343005621	3.28658879481413
3.85399529069654	-0.0471636256035941	3.28142552391362
3.86428171414536	-0.0134404229181783	3.2745521869856
3.87455551575478	0.0201620190969658	3.26597791736493
3.88482483296667	0.0536530137428451	3.25570928300524
3.89509770493466	0.0870414022538041	3.24375036335019
3.90538212095582	0.12033560764345	3.23010279781106
3.91568606764689	0.153543683200815	3.21476580724748
3.92601757561882	0.186673356382095	3.19773618921365
3.93638476640153	0.219732068790648	3.17900828710863
3.94679590038375	0.252727012880479	3.15857393274374
3.95725942656703	0.285665165964726	3.1364223611906
3.9677840349896	0.318553322065486	3.1125400960773
3.97837871276116	0.351398122107479	3.08691080272657
3.98905280476808	0.38420608293725	3.05951510564311
3.99981608026729	0.416983625643538	3.03033036581466
4.01067880679636	0.449737103665016	2.99933041203362
4.02165183310059	0.482472831201535	2.96648521890389
4.03274668313169	0.515197112498403	2.93176052227104
4.04397566363445	0.547916272656005	2.89511736037642
4.05535198843959	0.580636690737953	2.85651152590808
4.06688992337175	0.613364836122822	2.81589291006056
4.07860495672992	0.646107309285993	2.77320471437621
4.0905140016977	0.678870888537147	2.72838249903514
4.10262680809113	0.711638899733496	2.6813877976459
4.11477315901146	0.743917650504164	2.63291201053655
4.12685139568365	0.775423600056748	2.58343870418545
4.13880579215968	0.806010806520144	2.53329629075262
4.15060980839867	0.835618419133446	2.48270337289826
4.16225463997795	0.864235555221037	2.43180358605601
4.17374177221174	0.891878983083543	2.38069067307346
4.18507830923451	0.918579479113426	2.32942579004321
4.19627413027093	0.944373770645253	2.27804911397983
4.20734020934507	0.969299954124679	2.22658746919962
4.21828765773648	0.993395018613137	2.17505925870942
4.22912720610866	1.01669361398004	2.12347761112331
4.23991350022768	1.03931984651032	2.07163721781921
4.25069786363597	1.06138036880662	2.01933589656736
4.26151217694121	1.08293332922981	1.96645648588188
4.27237640946139	1.10400770278731	1.91293477516938
4.28330315500362	1.12461475327015	1.85873982182774
4.29430040368829	1.14475492876491	1.80386169358085
4.30537325074157	1.16442204773995	1.7483037646142
4.31652495484357	1.18360585503712	1.69207784585663
4.32775759461388	1.20229358900205	1.63520109531485
4.33907247532466	1.22047094615765	1.57769405257013
4.35047037982007	1.23812267832353	1.51957938554271
4.36195172207888	1.25523296572863	1.46088108947405
4.37351663990066	1.2717856540904	1.40162397348687
4.38516504955002	1.28776440964769	1.34183333037026
4.39689667667937	1.30315282528864	1.28153472344734
4.40871107252916	1.31793449810636	1.22075384863308
4.42060762107418	1.33209309083815	1.15951644518451
4.43258554070075	1.34561238479373	1.09784823841281
4.44464388269548	1.35847632888788	1.03577490381681
4.45678152801129	1.37066908754255	0.973322046012143
4.46899718326738	1.38217508907295	0.910515188298797
4.48128937662173	1.39297907544797	0.847379770257992
4.49365645395655	1.40306615385228	0.783941151732909
4.50609657569208	1.41242185017269	0.720224622138468
4.51860771446555	1.42103216432262	0.656255414398767
4.53118765386015	1.42888362716941	0.592058723012494
4.54383398833387	1.43596335871505	0.52765972585129
4.5565441244715	1.4422591270913	0.463083609338723
4.56931528366161	1.44775940785561	0.398355596660802
4.5821445062802	1.45245344301243	0.33350097863769
4.59502865744293	1.45633129913354	0.268545146850575
4.60796443436706	1.45938392391072	0.203513628574519
4.62094837536199	1.46160320044504	0.138432123022733
4.63397687044382	1.46298199856052	0.0733265383642194
4.64704617354431	1.46351422242696	0.00822302893815716
4.66015241625882	1.46319485378762	-0.0568519679423414
4.67329162305146	1.46201999011428	-0.121871696225343
4.68645972780968	1.45998687705387	-0.186809047031434
4.69965259161516	1.45709393458841	-0.251636526874695
4.71286602157459	1.45334077640204	-0.316326228808832
4.72609579053245	1.44872822203449	-0.380849807081799
4.73933765747031	1.44325830149819	-0.445178455835977
4.75258738838255	1.43693425214318	-0.509282892331309
4.76584077740888	1.42976050766813	-0.573133345096992
4.77909366799859	1.42174267929388	-0.63669954733519
4.79234197388149	1.41288752923452	-0.699950735809844
4.8055816996255	1.40320293671713	-0.762855655357574
4.81880896057058	1.39269785691107	-0.825382569058573
4.8320200019437	1.38138227322877	-0.887499274006085
4.84521121697849	1.36926714354873	-0.949173122516325
4.85837916388611	1.35636434098591	-1.01037104852912
4.8715205815498	1.34268658989319	-1.07105959886547
4.88463240384433	1.32824739781825	-1.13120496893364
4.89771177251124	1.31306098416301	-1.19077304241153
4.910756048552	1.29714220629691	-1.24972943438166
4.92376282213228	1.28050648386181	-1.30803953735534
4.93672992102132	1.26316972197586	-1.36566856959608
4.94965541761952	1.2451482339973	-1.42258162513685
4.96253763465637	1.22645866444887	-1.47874372488193
4.97537514966645	1.20711791263079	-1.53411986818919
4.98816679837658	1.18714305736681	-1.58867508434219
5.00091167715977	1.16655128323517	-1.64237448334052
5.01360914473325	1.14535980853634	-1.69518330546045
5.02625882329843	1.12358581514197	-1.7470669690627
5.03886059934067	1.10124638025665	-1.79799111614922
5.05141462432759	1.07835841000366	-1.84792165519235
5.0639213155672	1.05493857461934	-1.89682480077676
5.07638135751268	1.03100324490296	-1.94466710960352
5.08879570383154	1.00656842941993	-1.9914155124041
5.10116558059498	0.981649711788365	-2.03703734129732
5.11354969921799	0.956143073482995	-2.08170433603036
5.12600957027508	0.92992861900428	-2.12557744834
5.13858952876473	0.902913856201778	-2.16873550740293
5.15132442180916	0.875020878461356	-2.21120598367758
5.16418524757359	0.846311274109111	-2.25279461642239
5.17704156673626	0.817085741368696	-2.29300294699702
5.18981280110296	0.787550692353911	-2.33153537072272
5.20245196167064	0.757845594687219	-2.36822952255898
5.21493401715848	0.728063615176432	-2.40300760401307
5.22724795220298	0.698266431400913	-2.43584389431443
5.23939149919358	0.668494536133429	-2.46674371355729
5.2513677120463	0.638774267728187	-2.49573009723986
5.26318277109677	0.609122546975562	-2.52283550634754
5.27484459508489	0.579550043295923	-2.54809675883364
5.28636197533708	0.550063280978855	-2.57155199144526
5.2977440445667	0.520666036978113	-2.59323888588761
5.3089999584014	0.491360268165694	-2.61319367357298
5.32013871114048	0.46214672727323	-2.6314506140845
5.33116903552262	0.433025373297474	-2.64804175759052
5.34209935454488	0.403995646290401	-2.66299687396842
5.35293776509369	0.375056652608948	-2.67634347675067
5.36369204063596	0.346207290936111	-2.68810689819702
5.37436964498621	0.317446339007588	-2.69831038922394
5.38497775219128	0.28877251416489	-2.70697522863589
5.39552326948958	0.260184516390007	-2.71412083264799
5.40601286150982	0.231681059551554	-2.71976485965727
5.41645297463333	0.20326089467596	-2.72392330759963
5.42684986091897	0.174922827800485	-2.72661060263609
5.43720960128427	0.146665734139235	-2.72783967872349
5.4475381278185	0.118488569749431	-2.72762204807628
5.45784124521374	0.0903903815258431	-2.72596786275905
5.46812465136655	0.0623703161129719	-2.72288596775342
5.47839395724179	0.0344276281659886	-2.71838394586904
5.48865470611299	0.00656168828578437	-2.71246815485057
5.49891239230601	-0.0212280091168882	-2.70514375698809
5.50917247958044	-0.0489418378196273	-2.69641474147956
5.51944041928771	-0.0765800314703692	-2.68628393972655
5.52972166844874	-0.104142674792947	-2.67475303367123
5.54002170789804	-0.13162969416593	-2.66182255720572
5.55034606064636	-0.159040847427957	-2.64749189060358
5.56070031062105	-0.186375712761089	-2.63175924783727
5.57109012195239	-0.213633676497657	-2.61462165655325
5.58152125898648	-0.240813919686003	-2.59607493037621
5.59199960722029	-0.267915403236526	-2.57611363310324
5.60253119537439	-0.294936851451569	-2.55473103422454
5.6131222188425	-0.32187673372049	-2.53191905506623
5.62377906478735	-0.348733244134495	-2.50766820468715
5.63450833918906	-0.375504278743766	-2.48196750447146
5.64531689619751	-0.40218741014138	-2.45480440013277
5.65621187019623	-0.428779859013495	-2.42616465957586
5.66720071105433	-0.455278462242094	-2.39603225473645
5.67829122312851	-0.481679637083723	-2.36438922512176
5.68949160868346	-0.507979340873329	-2.33121552028539
5.70081051653265	-0.534173025614264	-2.29648881786221
5.71225709686926	-0.560255586711015	-2.26018431302579
5.7238410634707	-0.586221304976879	-2.22227447426554
5.73557276473351	-0.612063780900413	-2.18272875914496
5.74746326534932	-0.637775859976925	-2.14151328210619
5.75952444089391	-0.663349547698018	-2.09859042430083
5.7717690882114	-0.6887759125353	-2.05391837267124
5.78417898153629	-0.713980569282328	-2.00757173720021
5.79661802827996	-0.738660707923929	-1.96008960325553
5.80900489092914	-0.762644207743189	-1.91184064242998
5.82129436245518	-0.785842781264925	-1.86307199545015
5.83346412654882	-0.808219508834383	-1.81394729287847
5.84550587323842	-0.82976760873301	-1.76457420148018
5.85741955556332	-0.850497086581638	-1.71502353699953
5.86920977605406	-0.870426590316318	-1.66534215530547
5.8808835643203	-0.889578578015051	-1.61556147895526
5.89244904090477	-0.907976539679368	-1.56570305746076
5.903914635463	-0.925643466299733	-1.51578215399285
5.91528864628634	-0.942601061823128	-1.46581003867417
5.92657900679227	-0.958869388222226	-1.41579544376384
5.93779317528041	-0.974466756162205	-1.36574548068158
5.94893809639667	-0.9894097493746	-1.31566621417692
5.96002020290219	-1.00371331701618	-1.26556301966871
5.97105565969398	-1.01740332014615	-1.21539421353403
5.98208333547225	-1.03052917070638	-1.16501083741301
5.99312704849626	-1.04311597374987	-1.11432854733574
6.00420133994225	-1.05517439487859	-1.06330313305901
6.0153149796512	-1.06670650983616	-1.01191549018517
6.02647311958684	-1.07770931207844	-0.96016229186168
6.03767862616179	-1.08817683243992	-0.908050158838636
6.04893290814265	-1.0981014279728	-0.855592001309553
6.06023643244641	-1.10747457055508	-0.80280471852248
6.07158904599692	-1.11628733343183	-0.749707750880793
6.0829901768036	-1.1245306951532	-0.696322168654077
6.09443895977567	-1.13219573312917	-0.642670098986168
6.10593431566926	-1.13927375049087	-0.588774366393763
6.1174750009178	-1.14575636266191	-0.53465826810313
6.1290596394533	-1.15163555955328	-0.480345434619476
6.14068674347383	-1.15690375292656	-0.425859744224095
6.15235472751302	-1.16155381460436	-0.371225271627682
6.16406191853919	-1.16557910886308	-0.316466258274979
6.17580656379014	-1.16897352092274	-0.261607096371898
6.18758683740799	-1.17173148259112	-0.206672321585541
6.19940084653486	-1.17384799560327	-0.15168661117754
6.21124663727495	-1.17531865288863	-0.0966747854680355
6.22312220076708	-1.17613965781715	-0.041661811241366
6.23502547950798	-1.17630784137118	0.0133271938470645
6.24695437400028	-1.17582067713506	0.068266956520851
6.25890674975489	-1.17467629396791	0.123132043268431
6.27088044464883	-1.17287348621924	0.177896856228076
6.2828732766194	-1.17041172135306	0.232535629858801
6.29488305166234	-1.16729114486024	0.287022428630747
6.30690757209167	-1.16351258235964	0.341331145928965
6.31894464501279	-1.15907753881218	0.39543550433257
6.33099209095583	-1.15398819479888	0.449309057403209
6.34304775261358	-1.14824739984219	0.502925193090632
6.3551095036276	-1.14185866277881	0.556257138837565
6.36717525736593	-1.13482613922123	0.609277968440617
6.37924297563768	-1.12715461617327	0.661960610698294
6.39131067729244	-1.11884949389176	0.714277859851463
6.40337644665589	-1.10991676511113	0.766202387796028
6.41543844175834	-1.1003629917697	0.817706758022359
6.4274949023183	-1.09019527939558	0.868763441211547
6.43954415744998	-1.07942124932534	0.919344832395109
6.45158463307122	-1.06804900894016	0.969423269562642
6.46361485899647	-1.0560871201112	1.01897105358135
6.47563347570844	-1.04354456604884	1.06796046927249
6.48763924081158	-1.03043071674802	1.11636380747288
6.49963103518084	-1.01675529321529	1.16415338789424
6.51160786882986	-1.0025283306511	1.2113015825799
6.5235688865342	-0.987760140743901	1.25778083974649
6.5355502051612	-0.972413246175284	1.30370389782949
6.54758428548163	-0.956448827874053	1.34916102855657
6.55969421495281	-0.939835726523681	1.39419911234972
6.57189763156401	-0.922547062898876	1.43883788329833
6.58420916116653	-0.904557964398573	1.48307967856218
6.59664196645132	-0.885843981412629	1.52691528217776
6.60917206443507	-0.86643757186085	1.5702019311329
6.62172192091336	-0.846462630108391	1.61262217194961
6.63424070814867	-0.826012712333625	1.65396781243735
6.64669558236464	-0.805159691386184	1.69410364187583
6.65906572707456	-0.783959991285196	1.73294290150081
6.67133836173399	-0.762458969074196	1.7704310024438
6.68350609231353	-0.740693954174001	1.80653481057907
6.69556515794498	-0.718696345442416	1.84123560757634
6.70751426867471	-0.696493059660713	1.87452445110796
6.71935383090552	-0.674107538945159	1.90639909271049
6.7310854267984	-0.651560460215653	1.9368619066942
6.74271146042665	-0.628870243907019	1.96591847782647
6.7542349140258	-0.606053427203489	1.99357662151833
6.76565917755185	-0.583124945326267	2.01984569114864
6.77698792761078	-0.560098349768455	2.04473607882007
6.78822504011191	-0.536985982619003	2.06825884874491
6.79937452634279	-0.513799119667158	2.09042546341827
6.81044048561614	-0.490548090737366	2.11124757612095
6.82142706987732	-0.467242382927475	2.13073687188572
6.83233845712011	-0.443890730609591	2.14890494462022
6.84317883141773	-0.42050119486956	2.1657632017172
6.8539523680136	-0.397081234287499	2.18132278989841
6.86466322234509	-0.373637768453478	2.19559453767197
6.87531552216772	-0.350177235275253	2.20858891091126
6.88591336215188	-0.326705642907761	2.22031597886112
6.89646080047044	-0.303228616977753	2.23078538845599
6.9069618570016	-0.279751443666278	2.2400063452637
6.91742051285058	-0.256279109130661	2.2479875996955
6.92784071095421	-0.232816335686135	2.25473743737571
6.93822635757865	-0.209367615118818	2.26026367276403
6.94858132455791	-0.185937239462351	2.26457364528269
6.95890945215018	-0.162529329537583	2.26767421732938
6.96921455241299	-0.139147861526689	2.26957177366129
6.97950041301806	-0.115796691828827	2.27027222172091
6.98977080144332	-0.0924795804234065	2.26978099254375
7.00002946949295	-0.0692002129485828	2.26810304194531
7.01028015810833	-0.0459622216865295	2.26524285173089
7.02052660244249	-0.0227692056330502	2.26120443070939
7.0307725371795	0.000375250182986585	2.2559913153225
7.04102170208738	0.0234675559752311	2.24960656972431
7.05127784780033	0.0465040989239928	2.24205278516486
7.06154474183169	0.0694812252096586	2.23333207854469
7.0718261748249	0.0923952222218608	2.22344609001681
7.08212596705501	0.115242300815275	2.21239597951789
7.0924479751984	0.138018577486051	2.20018242211272
7.10279609939376	0.160720056344773	2.186805602034
7.11317429062258	0.183342610762563	2.172265205295
7.12358655844322	0.20588196456648	2.15656041074356
7.13403697911898	0.228333672658819	2.13968987941407
7.14452970418722	0.250693100932168	2.12165174201691
7.15506896952495	0.272955405348317	2.10244358438345
7.16565910497499	0.295115510044091	2.08206243065753
7.17630454460804	0.317168084321143	2.06050472399
7.18700983770826	0.339107518369394	2.03776630445033
7.19777966058573	0.360927897565352	2.01384238381637
7.20861882933752	0.382622975176721	1.98872751683753
7.21953231370188	0.404186143293646	1.96241556848407
7.23052525217814	0.425610401794356	1.93489967659233
7.24160296861976	0.446888325138991	1.90617220918554
7.25277099055151	0.468012026769674	1.87622471558549
7.26403506951681	0.488973120877456	1.84504787022091
7.27540120383131	0.509762681277286	1.81263140776951
7.28687566420786	0.530371197110431	1.77896404792448
7.29846502283421	0.550788525069393	1.74403340762547
7.31017618663425	0.571003837812821	1.70782589800471
7.32201643564181	0.591005568206461	1.67032660252039
7.33399346767628	0.610781348989742	1.63151913171329
7.34611545085941	0.630317947424637	1.59138544863158
7.35839108598395	0.649601194431624	1.54990565708091
7.37082968138933	0.668615907653634	1.50705774227024
7.38344124389003	0.687345807807688	1.46281724983685
7.39619632966239	0.705716353072165	1.41730176896871
7.40898541093795	0.723548158720205	1.37093075062002
7.42174286155777	0.740740474754156	1.32398601142739
7.43443170171929	0.757242043159971	1.27665451286216
7.44703307267548	0.773031601751238	1.22905955481125
7.459539277322	0.788105395555257	1.1812824607001
7.47194930496652	0.802469414871375	1.13337721104325
7.48426601132824	0.816134686125467	1.08538012772267
7.49649437153848	0.829114479940161	1.03731619792182
7.50864041607103	0.841422699358741	0.989203164685997
7.52071059551839	0.853072982733535	0.941054154396489
7.53271141165309	0.864078232655406	0.892879355566566
7.54464921204103	0.874450394388247	0.844687087239399
7.55653008388278	0.884200377062156	0.796484477071737
7.56835980712608	0.893338053796768	0.748277891169782
7.58014384222302	0.901872303065428	0.700073206827796
7.59188733748796	0.909811069396022	0.651875986361868
7.60359514696784	0.917161430954847	0.60369158902964
7.61527185341746	0.923929667162295	0.555525244455973
7.62692179323262	0.930121322769008	0.507382102335401
7.63854908157159	0.935741266708813	0.459267267691259
7.65015763672623	0.940793745104321	0.411185827498849
7.66175120329877	0.945282428372935	0.363142872292618
7.67333337402867	0.949210452669238	0.315143515005693
7.684907610278	0.952580456025939	0.267192908434543
7.69647726127239	0.955394609591543	0.219296262191563
7.70804558223942	0.957654644350626	0.171458859683191
7.71961575160556	0.959361873676097	0.123686075454412
7.73119088741803	0.960517212015686	0.0759833931242145
7.74277406315651	0.961121189964271	0.0283564240705259
7.75436832309426	0.961173965923414	-0.019189073011376
7.76597669736372	0.960675334500958	-0.0666471715676061
7.7776022168764	0.959624731757361	-0.114011755554061
7.7892479282446	0.958021237361235	-0.161276496600265
7.80091690885178	0.955863573673704	-0.208434829841701
7.81261228222024	0.953150101738936	-0.255479928276091
7.82433723382973	0.949878814115511	-0.30240467547722
7.83609502754859	0.946047324439076	-0.349201636473807
7.84788902285019	0.941652853559903	-0.395863026570216
7.85972269300307	0.936692212048066	-0.442380677849803
7.8715996444428	0.931161778802527	-0.488746003059515
7.88352363755876	0.925057475436685	-0.534949956524657
7.89549860915998	0.918374736039722	-0.580982991684064
7.90752869692303	0.911108471827874	-0.626835014766089
7.91961826617191	0.90325303009939	-0.672495334042548
7.9317719393984	0.894802146787433	-0.717952603997643
7.94399462900281	0.885748891761743	-0.763194763628105
7.95629157382294	0.876085605856037	-0.808208967944108
7.9686683801285	0.865803828386079	-0.852981511561353
7.98113106789292	0.854894213662531	-0.897497743054657
7.99362039717332	0.843408343990366	-0.941511929073762
8.00598525038146	0.831499192270639	-0.984471969492888
8.01813796403239	0.819280527611009	-1.02607236617304
8.03010963606765	0.806753312648175	-1.06642452940275
8.04196332943814	0.793877337331543	-1.10573999787347
8.05373557653163	0.780632391979063	-1.14413188025957
8.06544689804876	0.767011411186204	-1.18165496370861
8.07710814654769	0.753015995965892	-1.21832967062126
8.08872439381294	0.738653437553933	-1.25415657858376
8.10029733338698	0.723934715631855	-1.28912527781334
8.11182676908371	0.708873140845	-1.3232197715498
8.12331153441373	0.693483428860276	-1.3564217436034
8.13475005534287	0.677781066148491	-1.38871250280439
8.14614068884641	0.661781874438784	-1.42007410538685
8.15748192052433	0.645501711400689	-1.45048996760698
8.16877247387777	0.628956265403503	-1.47994516409413
8.18001136457119	0.612160915760252	-1.50842653458
8.19119792082006	0.595130638960269	-1.5359226759849
8.20233178331548	0.577879947514459	-1.562423868124
8.21341289318158	0.560422852164378	-1.58792196320217
8.22444147333134	0.542772840997092	-1.61241025784778
8.23541800658927	0.524942870902947	-1.63588335922349
8.24634321267491	0.506945368107962	-1.65833705219309
8.25721802532721	0.488792235404523	-1.6797681716421
8.26804357032964	0.470494864325453	-1.7001744822302
8.27882114486502	0.452064150945621	-1.71955456670765
8.28955219841811	0.433510514310762	-1.73790772321142
8.30023831531132	0.414843916724064	-1.75523387151277
8.31088119887588	0.39607388529352	-1.7715334679205
8.32148265721052	0.377209534274275	-1.78680742838789
8.33204459045001	0.358259587841961	-1.80105705928832
8.34256897944995	0.339232403013147	-1.8142839952873
8.35305787578691	0.320135992493047	-1.82649014373191
8.36351339297127	0.300978047282213	-1.83767763498984
8.37393769877244	0.281765958915837	-1.84784877819385
8.3843330085596	0.262506841243482	-1.85700602187726
8.39470157956732	0.243207551684988	-1.86515191902009
8.40504570600089	0.223874711921148	-1.8722890960605
8.41536771490312	0.204514727996366	-1.87842022546164
8.42566996271064	0.185133809825617	-1.88354800145849
8.43595483243424	0.165737990110328	-1.88767511864247
8.44622473140379	0.146333142677554	-1.89080425307254
8.45648208952426	0.126925000264713	-1.89293804563121
8.46672935799492	0.107519171778268	-1.89407908737037
8.47696900844865	0.0881211590596095	-1.89422990661723
8.48720353247359	0.0687363731950006	-1.89339295763313
8.49743544148342	0.0493701504092968	-1.89157061063865
8.50766726690699	0.030027767585111	-1.88876514303735
8.51790156067181	0.010714457450558	-1.88497873168673
8.52814089595971	-0.00856457652036064	-1.88021344608029
8.53838786821606	-0.0278041454501009	-1.87447124231757
8.54864509639776	-0.0469990605977582	-1.86775395775033
8.55891522444766	-0.0661441190521656	-1.86006330620304
8.56920092298673	-0.0852340895331389	-1.8514008736741
8.57950489121779	-0.104263698256395	-1.84176811443064
8.58982985903795	-0.123227614818078	-1.83116634741503
8.60017858935973	-0.14212043805531	-1.81959675288459
8.61055388064431	-0.160936681839783	-1.8070603692076
8.62095856965351	-0.179670760762001	-1.79355808973861
8.6313955344311	-0.198316975664544	-1.77909065969365
8.64186769752827	-0.216869498983436	-1.7636586729413
8.65237802949249	-0.235322359857616	-1.74726256861818
8.66292955264515	-0.253669428967399	-1.72990262746673
8.67352534517916	-0.271904403063891	-1.71157896777844
8.6841685456159	-0.290020789152471	-1.69229154080669
8.69486235766989	-0.308011888294742	-1.67204012548787
8.70561005558062	-0.325870778994805	-1.65082432227776
8.71641498998468	-0.34359030013729	-1.62864354586859
8.727280594418	-0.361163033446311	-1.60549701650029
8.73821039255854	-0.378581285436431	-1.58138374951297
8.74920800634528	-0.395837068828641	-1.55630254270381
8.76027716514161	-0.412922083406441	-1.53025196094434
8.7714217161511	-0.42982769628902	-1.50323031737846
8.78264563634488	-0.446544921600259	-1.47523565034729
8.79395304622414	-0.463064399513495	-1.44626569496459
8.80534822582459	-0.47937637465237	-1.41631784797873
8.81683563347619	-0.495470673827038	-1.38538912418573
8.82841992797029	-0.511336683081858	-1.35347610217269
8.84010599496781	-0.526963324024295	-1.32057485653473
8.85189897872148	-0.542339029393661	-1.28668087286674
8.86380432050412	-0.557451717810377	-1.25178894070833
8.87582780556392	-0.572288767618703	-1.21589301810717
8.8879756210113	-0.586836989694152	-1.17898605940623
8.90025442784525	-0.601082599025163	-1.14105979502145
8.91267145144819	-0.615011184788668	-1.10210444801301
8.92523459646617	-0.628607678508741	-1.06210836663757
8.93795259427638	-0.641856319699069	-1.02105754398055
8.95083519459539	-0.654740618117594	-0.978934983904877
8.96396310564166	-0.667308529805973	-0.935487837520424
8.97722394007692	-0.679421243863342	-0.891103471817993
8.99052953037905	-0.690980079022476	-0.846105316002263
9.00382711077237	-0.701930806586955	-0.800707809842629
9.01708680369882	-0.712246535178028	-0.755052263239584
9.03029318851559	-0.721916629307481	-0.709231865589749
9.0434397976007	-0.73093976983029	-0.663308552403373
9.05652559773642	-0.739319711510253	-0.61732414384732
9.06955277485988	-0.747062741100127	-0.571307600855315
9.08252535740071	-0.754176184633796	-0.525279709375139
9.09544837199292	-0.76066755167717	-0.479256086046057
9.1083273339232	-0.766544060877315	-0.433249099325152
9.1211679464226	-0.771812390493543	-0.387269094904005
9.13397592932834	-0.776478559369179	-0.341325177298595
9.14675692728363	-0.780547881702301	-0.295425709597912
9.15951646641058	-0.784024961997153	-0.249578635001285
9.17225994020257	-0.786913710451296	-0.203791686184181
9.18499261278528	-0.789217367329621	-0.158072524453457
9.19771963231754	-0.790938529796308	-0.112428835296256
9.21044605018162	-0.792079177563868	-0.066868397168444
9.22317684339875	-0.792640695390062	-0.0213991341888627
9.23591693881241	-0.792623891400846	0.0239708404936003
9.24867123826609	-0.792029010735699	0.0692331863425903
9.26144464442555	-0.790855744277117	0.114379299298314
9.27424208715955	-0.789103232342788	0.159400276020299
9.28706855056035	-0.786770063248339	0.204286877240837
9.29992910079607	-0.783854266625545	0.249029489299187
9.31282891506626	-0.780353301325193	0.293618083112334
9.32577331199559	-0.776264037655557	0.338042169923607
9.33876778385977	-0.771582733610887	0.382290753187484
9.35181803109931	-0.766305004630267	0.42635227591607
9.36492999964724	-0.760425786293501	0.470214562739833
9.37810992168095	-0.753939289203388	0.513864755826199
9.39136436051145	-0.746838945116844	0.557289243654049
9.40470026045166	-0.739117343162567	0.600473581455954
9.41812500266537	-0.730766154709598	0.643402401905672
9.4316464682006	-0.721776045114914	0.686059314334794
9.44525388365686	-0.712150580324986	0.728367454183447
9.4587404953628	-0.70204678760357	0.769655288395359
9.47198720777778	-0.691584970249301	0.809553914035497
9.48493334008222	-0.680854113898008	0.847891912177718
9.49755482137638	-0.669918661787021	0.884618489310829
9.50984929169823	-0.6588248230292	0.919751980244025
9.52182648380223	-0.647605718806213	0.953347299673326
9.53350227252348	-0.636285279225213	0.985476288508341
9.54489512937696	-0.624881060404327	1.01621634784666
9.55606894064211	-0.613359311256883	1.04576157155601
9.5671026347066	-0.601661419503022	1.0743322514911
9.5780438920393	-0.589753554976373	1.10205415423988
9.58892149005252	-0.577617638588585	1.12899692668642
9.59975265451577	-0.565245700639813	1.15519667513758
9.61054752853862	-0.552636285311262	1.18066950237402
9.62131192468145	-0.539792129065004	1.2054197180909
9.63204903243445	-0.526718648937978	1.22944484678268
9.642760481175	-0.513422952824686	1.25273868497563
9.65344700196359	-0.499913189142025	1.27529316107855
9.66410883834617	-0.486198118397756	1.297099457217
9.67474599969049	-0.472286830418526	1.31814867553405
9.6853584156467	-0.45818855749747	1.33843222352551
9.69594602856521	-0.443912550914526	1.35794202657457
9.70650884707227	-0.429467999493583	1.37667063477961
9.71704697543063	-0.414863976189885	1.39461126569415
9.7275606279084	-0.400109403498099	1.41175780877317
9.73805013396906	-0.385213031611711	1.42810480748445
9.74851593794139	-0.370183425320206	1.44364742893173
9.75895859546798	-0.355028956976343	1.45838142703825
9.76937876817091	-0.339757803747506	1.47230310298181
9.77977721743082	-0.324377947943408	1.48540926510911
9.79015479783262	-0.308897179592876	1.49769718965052
9.80051245061489	-0.293323100693749	1.5091645829947
9.81085119732376	-0.27766313072715	1.51980954593578
9.82117213378639	-0.261924513139711	1.52963054009228
9.83147642446527	-0.246114322573812	1.53862635656568
9.84176529722128	-0.230239472678914	1.54679608682758
9.85204003849239	-0.21430672437458	1.55413909577686
9.86230198888255	-0.198322694463011	1.56065499688099
9.87255253914775	-0.182293864509296	1.56634362930067
9.8827931265618	-0.166226589923122	1.57120503689026
9.89302523164262	-0.150127109188039	1.57523944896411
9.90325037521866	-0.134001553194284	1.57844726271989
9.91347011581516	-0.11785595463934	1.58082902721301
9.92368604734059	-0.101696257467257	1.58238542878014
9.93389979705431	-0.0855283263235209	1.5831172778143
9.9441130237977	-0.0693579560071959	1.58302549679931
9.95432741647207	-0.0531908809062259	1.58211110951605
9.96454469274802	-0.0370327844053886	1.58037523133833
9.97476659799242	-0.0208893082594212	1.57781906054076
9.98499490440008	-0.00476606192640941	1.57444387054556
9.99523141031932	0.0113313681413206	1.57025100303979
10	0.0188141433816107	1.56802088301753
